{
  "model": "Qwen/Qwen2.5-3B",
  "peak_block": 16,
  "write_layer": 17,
  "early_block": 2,
  "dataset": "NeelNanda/counterfact-tracing",
  "revision": "c945b082ca08d0a8f3ba227fb78404a09614c36e",
  "seed": 8,
  "folds": 5,
  "k_relations": 8,
  "pairs_per_relation": 60,
  "templates": {
    "P103": "The mother tongue of {} is",
    "P1412": "The language used by {} is",
    "P176": "{}, developed by",
    "P27": "{} has a citizenship from",
    "P30": "{} belongs to the continent of",
    "P37": "In {}, an official language is",
    "P413": "{}, the",
    "P495": "{}, created in"
  },
  "decoding": {
    "delta_f": {
      "acc": 0.7333333333333333,
      "null_mean": 0.12331251055002213,
      "null_95": 0.1521874964237213,
      "p": 0.009900990099009901
    },
    "lexical": {
      "acc": 0.39375,
      "null_mean": 0.12318750470876694,
      "null_95": 0.15427082777023315,
      "p": 0.009900990099009901
    }
  },
  "identity_check_median": 1.240683502601314e-07,
  "cats": [
    "P103",
    "P1412",
    "P176",
    "P27",
    "P30",
    "P37",
    "P413",
    "P495"
  ],
  "cos_peak": [
    [
      1.0,
      0.149,
      0.066,
      -0.075,
      -0.101,
      -0.259,
      0.003,
      0.027
    ],
    [
      0.149,
      1.0,
      -0.014,
      -0.065,
      -0.083,
      -0.524,
      -0.078,
      -0.065
    ],
    [
      0.066,
      -0.014,
      1.0,
      0.207,
      -0.005,
      0.178,
      -0.041,
      0.187
    ],
    [
      -0.075,
      -0.065,
      0.207,
      1.0,
      -0.034,
      0.151,
      0.012,
      0.788
    ],
    [
      -0.101,
      -0.083,
      -0.005,
      -0.034,
      1.0,
      0.046,
      -0.096,
      -0.126
    ],
    [
      -0.259,
      -0.524,
      0.178,
      0.151,
      0.046,
      1.0,
      0.062,
      0.06
    ],
    [
      0.003,
      -0.078,
      -0.041,
      0.012,
      -0.096,
      0.062,
      1.0,
      0.038
    ],
    [
      0.027,
      -0.065,
      0.187,
      0.788,
      -0.126,
      0.06,
      0.038,
      1.0
    ]
  ],
  "cos_early": [
    [
      1.0,
      0.184,
      0.036,
      -0.067,
      -0.074,
      -0.277,
      -0.027,
      0.016
    ],
    [
      0.184,
      1.0,
      -0.154,
      -0.085,
      -0.01,
      -0.711,
      -0.064,
      -0.077
    ],
    [
      0.036,
      -0.154,
      1.0,
      0.142,
      -0.004,
      0.134,
      0.096,
      0.157
    ],
    [
      -0.067,
      -0.085,
      0.142,
      1.0,
      -0.084,
      0.095,
      0.037,
      0.865
    ],
    [
      -0.074,
      -0.01,
      -0.004,
      -0.084,
      1.0,
      0.059,
      -0.102,
      -0.17
    ],
    [
      -0.277,
      -0.711,
      0.134,
      0.095,
      0.059,
      1.0,
      0.098,
      0.075
    ],
    [
      -0.027,
      -0.064,
      0.096,
      0.037,
      -0.102,
      0.098,
      1.0,
      0.049
    ],
    [
      0.016,
      -0.077,
      0.157,
      0.865,
      -0.17,
      0.075,
      0.049,
      1.0
    ]
  ],
  "transfer": [
    [
      0.856,
      0.718,
      0.674,
      0.635,
      0.444,
      0.628,
      0.634,
      0.704
    ],
    [
      0.824,
      0.603,
      0.584,
      0.523,
      0.396,
      0.53,
      0.561,
      0.571
    ],
    [
      0.923,
      0.93,
      0.922,
      0.889,
      0.811,
      0.949,
      0.785,
      0.84
    ],
    [
      0.609,
      0.72,
      0.755,
      0.688,
      0.539,
      0.817,
      0.75,
      0.725
    ],
    [
      0.206,
      0.292,
      0.629,
      0.456,
      0.728,
      0.386,
      0.401,
      0.321
    ],
    [
      0.41,
      0.584,
      0.741,
      0.714,
      0.926,
      0.672,
      0.594,
      0.74
    ],
    [
      0.494,
      0.451,
      0.372,
      0.391,
      0.231,
      0.516,
      0.394,
      0.434
    ],
    [
      0.811,
      0.721,
      0.692,
      0.662,
      0.36,
      0.821,
      0.689,
      0.689
    ]
  ]
}