{
  "model": "Qwen/Qwen2.5-3B",
  "peak_block": 16,
  "write_layer": 17,
  "early_block": 2,
  "dataset": "NeelNanda/counterfact-tracing",
  "revision": "c945b082ca08d0a8f3ba227fb78404a09614c36e",
  "seed": 2,
  "folds": 5,
  "k_relations": 8,
  "pairs_per_relation": 60,
  "templates": {
    "P103": "The mother tongue of {} is",
    "P1412": "The language used by {} is",
    "P176": "{}, developed by",
    "P27": "{} has a citizenship from",
    "P30": "{} belongs to the continent of",
    "P37": "In {}, an official language is",
    "P413": "{}, the",
    "P495": "{}, created in"
  },
  "decoding": {
    "delta_f": {
      "acc": 0.7416666666666667,
      "null_mean": 0.12616665661334991,
      "null_95": 0.16052082180976868,
      "p": 0.009900990099009901
    },
    "lexical": {
      "acc": 0.38958333333333334,
      "null_mean": 0.12722916901111603,
      "null_95": 0.16041666269302368,
      "p": 0.009900990099009901
    }
  },
  "identity_check_median": 1.234627831081525e-07,
  "cats": [
    "P103",
    "P1412",
    "P176",
    "P27",
    "P30",
    "P37",
    "P413",
    "P495"
  ],
  "cos_peak": [
    [
      1.0,
      -0.055,
      0.179,
      -0.175,
      -0.073,
      -0.179,
      -0.033,
      0.104
    ],
    [
      -0.055,
      1.0,
      0.066,
      -0.143,
      -0.061,
      -0.433,
      -0.069,
      0.118
    ],
    [
      0.179,
      0.066,
      1.0,
      0.159,
      -0.003,
      0.119,
      -0.02,
      0.175
    ],
    [
      -0.175,
      -0.143,
      0.159,
      1.0,
      0.06,
      0.253,
      0.01,
      0.04
    ],
    [
      -0.073,
      -0.061,
      -0.003,
      0.06,
      1.0,
      0.037,
      -0.093,
      -0.045
    ],
    [
      -0.179,
      -0.433,
      0.119,
      0.253,
      0.037,
      1.0,
      0.085,
      -0.108
    ],
    [
      -0.033,
      -0.069,
      -0.02,
      0.01,
      -0.093,
      0.085,
      1.0,
      -0.062
    ],
    [
      0.104,
      0.118,
      0.175,
      0.04,
      -0.045,
      -0.108,
      -0.062,
      1.0
    ]
  ],
  "cos_early": [
    [
      1.0,
      -0.099,
      0.17,
      0.16,
      -0.083,
      -0.075,
      -0.058,
      0.021
    ],
    [
      -0.099,
      1.0,
      -0.012,
      0.187,
      0.011,
      -0.684,
      -0.047,
      0.061
    ],
    [
      0.17,
      -0.012,
      1.0,
      -0.047,
      0.045,
      0.002,
      -0.06,
      -0.137
    ],
    [
      0.16,
      0.187,
      -0.047,
      1.0,
      -0.076,
      -0.234,
      -0.062,
      0.383
    ],
    [
      -0.083,
      0.011,
      0.045,
      -0.076,
      1.0,
      0.053,
      -0.105,
      -0.096
    ],
    [
      -0.075,
      -0.684,
      0.002,
      -0.234,
      0.053,
      1.0,
      0.113,
      -0.16
    ],
    [
      -0.058,
      -0.047,
      -0.06,
      -0.062,
      -0.105,
      0.113,
      1.0,
      -0.089
    ],
    [
      0.021,
      0.061,
      -0.137,
      0.383,
      -0.096,
      -0.16,
      -0.089,
      1.0
    ]
  ],
  "transfer": [
    [
      0.789,
      0.692,
      0.773,
      0.671,
      0.498,
      0.637,
      0.684,
      0.717
    ],
    [
      0.871,
      0.739,
      0.69,
      0.699,
      0.563,
      0.693,
      0.598,
      0.667
    ],
    [
      0.951,
      0.956,
      0.947,
      0.959,
      0.896,
      0.94,
      0.838,
      0.921
    ],
    [
      0.472,
      0.646,
      0.76,
      0.486,
      0.829,
      0.698,
      0.761,
      0.563
    ],
    [
      0.237,
      0.354,
      0.584,
      0.393,
      0.711,
      0.356,
      0.325,
      0.422
    ],
    [
      0.41,
      0.53,
      0.702,
      0.578,
      0.876,
      0.549,
      0.618,
      0.592
    ],
    [
      0.385,
      0.375,
      0.393,
      0.27,
      0.265,
      0.539,
      0.454,
      0.41
    ],
    [
      0.7,
      0.786,
      0.693,
      0.722,
      0.692,
      0.684,
      0.601,
      0.651
    ]
  ]
}