{
  "model": "Qwen/Qwen2.5-3B",
  "peak_block": 16,
  "write_layer": 17,
  "early_block": 2,
  "dataset": "NeelNanda/counterfact-tracing",
  "revision": "c945b082ca08d0a8f3ba227fb78404a09614c36e",
  "seed": 7,
  "folds": 5,
  "k_relations": 8,
  "pairs_per_relation": 60,
  "templates": {
    "P103": "The mother tongue of {} is",
    "P1412": "The language used by {} is",
    "P176": "{}, developed by",
    "P27": "{} has a citizenship from",
    "P30": "{} belongs to the continent of",
    "P37": "In {}, an official language is",
    "P413": "{}, the",
    "P495": "{}, created in"
  },
  "decoding": {
    "delta_f": {
      "acc": 0.7708333333333334,
      "null_mean": 0.12281250953674316,
      "null_95": 0.15010416507720947,
      "p": 0.009900990099009901
    },
    "lexical": {
      "acc": 0.4354166666666667,
      "null_mean": 0.12664583325386047,
      "null_95": 0.15010416507720947,
      "p": 0.009900990099009901
    }
  },
  "identity_check_median": 1.2375681990306475e-07,
  "cats": [
    "P103",
    "P1412",
    "P176",
    "P27",
    "P30",
    "P37",
    "P413",
    "P495"
  ],
  "cos_peak": [
    [
      1.0,
      0.272,
      -0.073,
      0.29,
      -0.084,
      0.334,
      -0.006,
      0.156
    ],
    [
      0.272,
      1.0,
      0.03,
      0.268,
      -0.087,
      0.665,
      -0.072,
      0.015
    ],
    [
      -0.073,
      0.03,
      1.0,
      0.158,
      0.059,
      0.044,
      -0.064,
      0.275
    ],
    [
      0.29,
      0.268,
      0.158,
      1.0,
      -0.034,
      0.214,
      -0.027,
      -0.106
    ],
    [
      -0.084,
      -0.087,
      0.059,
      -0.034,
      1.0,
      -0.072,
      -0.107,
      -0.119
    ],
    [
      0.334,
      0.665,
      0.044,
      0.214,
      -0.072,
      1.0,
      -0.079,
      0.154
    ],
    [
      -0.006,
      -0.072,
      -0.064,
      -0.027,
      -0.107,
      -0.079,
      1.0,
      -0.02
    ],
    [
      0.156,
      0.015,
      0.275,
      -0.106,
      -0.119,
      0.154,
      -0.02,
      1.0
    ]
  ],
  "cos_early": [
    [
      1.0,
      0.292,
      -0.247,
      0.014,
      -0.076,
      0.245,
      -0.027,
      -0.026
    ],
    [
      0.292,
      1.0,
      -0.036,
      0.099,
      -0.031,
      0.743,
      -0.076,
      -0.025
    ],
    [
      -0.247,
      -0.036,
      1.0,
      -0.151,
      -0.04,
      -0.018,
      -0.056,
      0.31
    ],
    [
      0.014,
      0.099,
      -0.151,
      1.0,
      0.119,
      0.019,
      -0.006,
      -0.566
    ],
    [
      -0.076,
      -0.031,
      -0.04,
      0.119,
      1.0,
      -0.061,
      -0.078,
      -0.113
    ],
    [
      0.245,
      0.743,
      -0.018,
      0.019,
      -0.061,
      1.0,
      -0.13,
      0.03
    ],
    [
      -0.027,
      -0.076,
      -0.056,
      -0.006,
      -0.078,
      -0.13,
      1.0,
      -0.079
    ],
    [
      -0.026,
      -0.025,
      0.31,
      -0.566,
      -0.113,
      0.03,
      -0.079,
      1.0
    ]
  ],
  "transfer": [
    [
      0.839,
      0.721,
      0.615,
      0.78,
      0.382,
      0.729,
      0.636,
      0.692
    ],
    [
      0.776,
      0.592,
      0.564,
      0.654,
      0.249,
      0.599,
      0.426,
      0.556
    ],
    [
      0.7,
      0.895,
      0.931,
      0.901,
      0.949,
      0.872,
      0.524,
      0.835
    ],
    [
      0.896,
      0.747,
      0.805,
      0.729,
      0.581,
      0.796,
      0.568,
      0.675
    ],
    [
      0.217,
      0.3,
      0.677,
      0.388,
      0.858,
      0.347,
      0.291,
      0.348
    ],
    [
      0.785,
      0.669,
      0.594,
      0.722,
      0.341,
      0.65,
      0.407,
      0.67
    ],
    [
      0.484,
      0.512,
      0.4,
      0.423,
      0.229,
      0.512,
      0.693,
      0.529
    ],
    [
      0.957,
      0.866,
      0.877,
      0.774,
      0.435,
      0.869,
      0.634,
      0.726
    ]
  ]
}