{
 "model": null,
 "gauge": "eigen-consensus (leading eigenvector of cos matrix)",
 "thin_threshold": 0.1,
 "peak_block": null,
 "k_relations": 33,
 "pairs_per_relation": null,
 "cats": [
  "P101",
  "P103",
  "P106",
  "P108",
  "P127",
  "P1303",
  "P131",
  "P136",
  "P138",
  "P140",
  "P1412",
  "P159",
  "P17",
  "P176",
  "P178",
  "P19",
  "P190",
  "P20",
  "P27",
  "P276",
  "P30",
  "P36",
  "P364",
  "P37",
  "P39",
  "P407",
  "P413",
  "P449",
  "P463",
  "P495",
  "P641",
  "P740",
  "P937"
 ],
 "gauge_margins": [
  0.3968,
  0.6125,
  0.0386,
  0.2552,
  0.0741,
  0.0996,
  0.8938,
  0.1689,
  0.6068,
  0.2931,
  0.6465,
  0.971,
  1.0,
  0.7216,
  0.4766,
  0.7996,
  0.1864,
  0.4861,
  0.6714,
  0.9938,
  -0.2001,
  0.8188,
  -0.3323,
  0.4261,
  -0.0339,
  -0.4392,
  -0.0163,
  0.0985,
  0.3167,
  0.0395,
  0.1442,
  0.7759,
  0.8521
 ],
 "thin_categories": [
  "P106",
  "P127",
  "P1303",
  "P39",
  "P413",
  "P449",
  "P495"
 ],
 "flipped_vs_original": [
  "P30",
  "P364",
  "P39",
  "P407",
  "P413"
 ],
 "cos_peak": [
  [
   1.0,
   0.17,
   -0.0985,
   -0.0071,
   -0.0497,
   0.0553,
   0.2091,
   0.0915,
   0.0463,
   0.1244,
   0.2387,
   0.0982,
   0.2755,
   0.1243,
   0.1932,
   0.1322,
   -0.0701,
   0.2171,
   0.1952,
   0.1703,
   0.096,
   0.0809,
   0.1477,
   0.1172,
   -0.0453,
   0.1637,
   0.0211,
   0.0121,
   0.101,
   -0.0242,
   0.0181,
   0.0576,
   0.1209
  ],
  [
   0.17,
   1.0,
   -0.091,
   0.1028,
   0.0392,
   0.0257,
   0.2073,
   0.1217,
   0.0003,
   0.091,
   0.3646,
   0.1337,
   0.3384,
   0.1346,
   0.0949,
   0.3371,
   0.0898,
   0.4758,
   0.283,
   0.2025,
   0.1045,
   0.1402,
   0.3056,
   0.2703,
   0.0093,
   0.8341,
   0.0173,
   -0.0518,
   0.1564,
   0.114,
   0.0347,
   0.1756,
   0.1293
  ],
  [
   -0.0985,
   -0.091,
   1.0,
   0.0907,
   -0.0741,
   -0.0443,
   -0.0167,
   -0.0676,
   0.0188,
   -0.0883,
   0.0694,
   0.0814,
   -0.0081,
   0.0076,
   -0.1483,
   0.0369,
   -0.1422,
   0.026,
   0.0823,
   0.0374,
   0.0185,
   0.0318,
   -0.0054,
   0.1128,
   0.0067,
   -0.0615,
   0.0925,
   0.0128,
   -0.0086,
   0.0107,
   -0.0284,
   0.0735,
   0.0664
  ],
  [
   -0.0071,
   0.1028,
   0.0907,
   1.0,
   0.2572,
   -0.0436,
   0.0469,
   0.026,
   0.0421,
   -0.0491,
   0.1421,
   0.1781,
   0.1041,
   0.1066,
   -0.1387,
   0.1269,
   0.1083,
   0.0871,
   0.183,
   0.0263,
   0.0889,
   0.0395,
   0.0692,
   0.1234,
   -0.0809,
   0.096,
   -0.0579,
   0.0798,
   0.0751,
   0.1193,
   0.0032,
   0.1338,
   0.1875
  ],
  [
   -0.0497,
   0.0392,
   -0.0741,
   0.2572,
   1.0,
   -0.0629,
   0.1261,
   -0.0424,
   0.1769,
   0.0767,
   -0.0989,
   -0.0041,
   0.1017,
   0.0815,
   -0.0204,
   -0.0686,
   0.1297,
   -0.0543,
   -0.0189,
   0.0891,
   -0.0023,
   0.1002,
   -0.0964,
   -0.136,
   -0.0822,
   0.0209,
   -0.0586,
   0.0,
   -0.0223,
   0.1902,
   0.0364,
   -0.0558,
   0.0212
  ],
  [
   0.0553,
   0.0257,
   -0.0443,
   -0.0436,
   -0.0629,
   1.0,
   0.0104,
   0.0119,
   0.0171,
   -0.0037,
   0.0421,
   0.0354,
   0.0824,
   0.0582,
   0.0451,
   0.0439,
   0.0356,
   0.0225,
   0.0772,
   0.0563,
   0.0566,
   0.0591,
   0.0315,
   -0.008,
   0.0973,
   0.0065,
   0.0033,
   0.0749,
   0.0502,
   -0.0101,
   0.0248,
   -0.0058,
   0.0008
  ],
  [
   0.2091,
   0.2073,
   -0.0167,
   0.0469,
   0.1261,
   0.0104,
   1.0,
   0.1484,
   0.4876,
   0.1628,
   0.1515,
   0.3811,
   0.7059,
   0.4786,
   0.3055,
   0.2135,
   0.1312,
   0.0194,
   0.2378,
   0.7825,
   0.0377,
   0.6452,
   -0.0963,
   0.0122,
   0.0149,
   0.0333,
   0.0562,
   0.0547,
   0.1897,
   0.0496,
   0.0831,
   0.1845,
   0.4383
  ],
  [
   0.0915,
   0.1217,
   -0.0676,
   0.026,
   -0.0424,
   0.0119,
   0.1484,
   1.0,
   0.0102,
   0.0979,
   0.0134,
   0.0479,
   0.076,
   0.0523,
   0.0594,
   0.0154,
   -0.0159,
   0.0736,
   0.0778,
   0.136,
   0.061,
   0.0488,
   0.0004,
   0.0675,
   -0.062,
   0.0923,
   -0.0051,
   0.0856,
   0.0471,
   -0.0384,
   -0.0689,
   -0.0389,
   0.052
  ],
  [
   0.0463,
   0.0003,
   0.0188,
   0.0421,
   0.1769,
   0.0171,
   0.4876,
   0.0102,
   1.0,
   0.1117,
   0.0143,
   0.285,
   0.3393,
   0.5152,
   0.1765,
   0.0954,
   0.1097,
   -0.058,
   0.0647,
   0.6373,
   -0.0691,
   0.6424,
   -0.2153,
   -0.0627,
   -0.0113,
   -0.1529,
   0.0068,
   0.0331,
   0.1222,
   0.0618,
   0.0727,
   0.055,
   0.3388
  ],
  [
   0.1244,
   0.091,
   -0.0883,
   -0.0491,
   0.0767,
   -0.0037,
   0.1628,
   0.0979,
   0.1117,
   1.0,
   0.0686,
   0.2023,
   0.1142,
   0.1008,
   0.0452,
   0.1302,
   -0.04,
   0.1221,
   0.0019,
   0.1724,
   0.0864,
   0.1352,
   0.012,
   0.0193,
   0.0606,
   0.0533,
   -0.0205,
   0.0027,
   0.0821,
   -0.0205,
   0.1961,
   0.1009,
   0.1004
  ],
  [
   0.2387,
   0.3646,
   0.0694,
   0.1421,
   -0.0989,
   0.0421,
   0.1515,
   0.0134,
   0.0143,
   0.0686,
   1.0,
   0.2895,
   0.3075,
   0.1126,
   0.1849,
   0.1907,
   -0.0527,
   0.1926,
   0.3817,
   0.1536,
   0.1283,
   0.1169,
   0.7065,
   0.7581,
   -0.0962,
   0.3584,
   0.0642,
   0.0684,
   0.0401,
   0.0892,
   0.0007,
   0.2358,
   0.3656
  ],
  [
   0.0982,
   0.1337,
   0.0814,
   0.1781,
   -0.0041,
   0.0354,
   0.3811,
   0.0479,
   0.285,
   0.2023,
   0.2895,
   1.0,
   0.4611,
   0.3238,
   0.2859,
   0.6364,
   0.0616,
   0.2768,
   0.3228,
   0.5158,
   0.096,
   0.418,
   0.1621,
   0.2148,
   0.091,
   0.0756,
   -0.01,
   0.0285,
   0.1298,
   -0.1201,
   0.0711,
   0.7969,
   0.6484
  ],
  [
   0.2755,
   0.3384,
   -0.0081,
   0.1041,
   0.1017,
   0.0824,
   0.7059,
   0.076,
   0.3393,
   0.1142,
   0.3075,
   0.4611,
   1.0,
   0.4369,
   0.2793,
   0.3622,
   0.1701,
   0.1253,
   0.4691,
   0.6996,
   0.1464,
   0.5589,
   0.0704,
   0.1097,
   0.0556,
   0.2167,
   0.001,
   0.0441,
   0.1571,
   0.0577,
   0.0931,
   0.3203,
   0.4279
  ],
  [
   0.1243,
   0.1346,
   0.0076,
   0.1066,
   0.0815,
   0.0582,
   0.4786,
   0.0523,
   0.5152,
   0.1008,
   0.1126,
   0.3238,
   0.4369,
   1.0,
   0.2624,
   0.2099,
   0.1264,
   0.0651,
   0.2476,
   0.5768,
   -0.0729,
   0.4461,
   -0.0508,
   0.0027,
   -0.0225,
   0.021,
   -0.0008,
   0.0275,
   0.1941,
   0.0347,
   0.0469,
   0.2035,
   0.2593
  ],
  [
   0.1932,
   0.0949,
   -0.1483,
   -0.1387,
   -0.0204,
   0.0451,
   0.3055,
   0.0594,
   0.1765,
   0.0452,
   0.1849,
   0.2859,
   0.2793,
   0.2624,
   1.0,
   0.0705,
   0.0016,
   0.0358,
   0.1977,
   0.3164,
   -0.0547,
   0.202,
   0.0682,
   0.0984,
   -0.0564,
   0.0238,
   0.1101,
   0.0061,
   -0.0188,
   0.0136,
   0.0137,
   0.0925,
   0.269
  ],
  [
   0.1322,
   0.3371,
   0.0369,
   0.1269,
   -0.0686,
   0.0439,
   0.2135,
   0.0154,
   0.0954,
   0.1302,
   0.1907,
   0.6364,
   0.3622,
   0.2099,
   0.0705,
   1.0,
   0.2139,
   0.5615,
   0.2379,
   0.3138,
   0.1897,
   0.2247,
   0.206,
   0.1335,
   0.1718,
   0.2677,
   -0.0411,
   0.0293,
   0.1548,
   -0.2444,
   0.0511,
   0.7713,
   0.3264
  ],
  [
   -0.0701,
   0.0898,
   -0.1422,
   0.1083,
   0.1297,
   0.0356,
   0.1312,
   -0.0159,
   0.1097,
   -0.04,
   -0.0527,
   0.0616,
   0.1701,
   0.1264,
   0.0016,
   0.2139,
   1.0,
   -0.1829,
   -0.05,
   0.115,
   0.0833,
   0.2069,
   0.0653,
   -0.1164,
   0.1344,
   0.0747,
   -0.1202,
   0.0046,
   0.0745,
   -0.1457,
   0.0599,
   0.121,
   -0.0617
  ],
  [
   0.2171,
   0.4758,
   0.026,
   0.0871,
   -0.0543,
   0.0225,
   0.0194,
   0.0736,
   -0.058,
   0.1221,
   0.1926,
   0.2768,
   0.1253,
   0.0651,
   0.0358,
   0.5615,
   -0.1829,
   1.0,
   0.1697,
   0.152,
   0.0373,
   -0.0087,
   0.2527,
   0.1478,
   -0.0438,
   0.5043,
   0.0046,
   0.0277,
   0.0193,
   0.0009,
   0.0135,
   0.3795,
   0.1149
  ],
  [
   0.1952,
   0.283,
   0.0823,
   0.183,
   -0.0189,
   0.0772,
   0.2378,
   0.0778,
   0.0647,
   0.0019,
   0.3817,
   0.3228,
   0.4691,
   0.2476,
   0.1977,
   0.2379,
   -0.05,
   0.1697,
   1.0,
   0.2596,
   0.2049,
   0.1191,
   0.2116,
   0.2805,
   -0.037,
   0.2098,
   0.0406,
   0.0972,
   0.0928,
   0.1586,
   0.0244,
   0.2872,
   0.3682
  ],
  [
   0.1703,
   0.2025,
   0.0374,
   0.0263,
   0.0891,
   0.0563,
   0.7825,
   0.136,
   0.6373,
   0.1724,
   0.1536,
   0.5158,
   0.6996,
   0.5768,
   0.3164,
   0.3138,
   0.115,
   0.152,
   0.2596,
   1.0,
   0.0312,
   0.7391,
   -0.071,
   -0.0023,
   0.0207,
   0.0574,
   0.0584,
   0.0715,
   0.1939,
   0.0353,
   0.0504,
   0.2604,
   0.4493
  ],
  [
   0.096,
   0.1045,
   0.0185,
   0.0889,
   -0.0023,
   0.0566,
   0.0377,
   0.061,
   -0.0691,
   0.0864,
   0.1283,
   0.096,
   0.1464,
   -0.0729,
   -0.0547,
   0.1897,
   0.0833,
   0.0373,
   0.2049,
   0.0312,
   1.0,
   -0.0549,
   0.1108,
   0.0678,
   -0.0813,
   0.083,
   -0.0904,
   0.1309,
   0.0083,
   -0.0471,
   -0.0232,
   0.1278,
   0.1117
  ],
  [
   0.0809,
   0.1402,
   0.0318,
   0.0395,
   0.1002,
   0.0591,
   0.6452,
   0.0488,
   0.6424,
   0.1352,
   0.1169,
   0.418,
   0.5589,
   0.4461,
   0.202,
   0.2247,
   0.2069,
   -0.0087,
   0.1191,
   0.7391,
   -0.0549,
   1.0,
   -0.1413,
   0.0209,
   -0.0107,
   -0.0224,
   0.0075,
   -0.007,
   0.1392,
   0.015,
   0.0922,
   0.1737,
   0.4355
  ],
  [
   0.1477,
   0.3056,
   -0.0054,
   0.0692,
   -0.0964,
   0.0315,
   -0.0963,
   0.0004,
   -0.2153,
   0.012,
   0.7065,
   0.1621,
   0.0704,
   -0.0508,
   0.0682,
   0.206,
   0.0653,
   0.2527,
   0.2116,
   -0.071,
   0.1108,
   -0.1413,
   1.0,
   0.5735,
   -0.0303,
   0.4393,
   0.0337,
   0.0541,
   -0.0148,
   0.0505,
   -0.0346,
   0.2338,
   0.0745
  ],
  [
   0.1172,
   0.2703,
   0.1128,
   0.1234,
   -0.136,
   -0.008,
   0.0122,
   0.0675,
   -0.0627,
   0.0193,
   0.7581,
   0.2148,
   0.1097,
   0.0027,
   0.0984,
   0.1335,
   -0.1164,
   0.1478,
   0.2805,
   -0.0023,
   0.0678,
   0.0209,
   0.5735,
   1.0,
   -0.0838,
   0.3032,
   0.0638,
   -0.0066,
   -0.012,
   0.0853,
   -0.0845,
   0.2028,
   0.2755
  ],
  [
   -0.0453,
   0.0093,
   0.0067,
   -0.0809,
   -0.0822,
   0.0973,
   0.0149,
   -0.062,
   -0.0113,
   0.0606,
   -0.0962,
   0.091,
   0.0556,
   -0.0225,
   -0.0564,
   0.1718,
   0.1344,
   -0.0438,
   -0.037,
   0.0207,
   -0.0813,
   -0.0107,
   -0.0303,
   -0.0838,
   1.0,
   -0.0015,
   0.0671,
   -0.1059,
   0.0392,
   0.0212,
   0.0045,
   0.1482,
   -0.0431
  ],
  [
   0.1637,
   0.8341,
   -0.0615,
   0.096,
   0.0209,
   0.0065,
   0.0333,
   0.0923,
   -0.1529,
   0.0533,
   0.3584,
   0.0756,
   0.2167,
   0.021,
   0.0238,
   0.2677,
   0.0747,
   0.5043,
   0.2098,
   0.0574,
   0.083,
   -0.0224,
   0.4393,
   0.3032,
   -0.0015,
   1.0,
   -0.0063,
   -0.0342,
   0.1095,
   0.1397,
   0.0525,
   0.1639,
   -0.0088
  ],
  [
   0.0211,
   0.0173,
   0.0925,
   -0.0579,
   -0.0586,
   0.0033,
   0.0562,
   -0.0051,
   0.0068,
   -0.0205,
   0.0642,
   -0.01,
   0.001,
   -0.0008,
   0.1101,
   -0.0411,
   -0.1202,
   0.0046,
   0.0406,
   0.0584,
   -0.0904,
   0.0075,
   0.0337,
   0.0638,
   0.0671,
   -0.0063,
   1.0,
   0.0133,
   -0.0852,
   0.0112,
   -0.1353,
   -0.0457,
   -0.0367
  ],
  [
   0.0121,
   -0.0518,
   0.0128,
   0.0798,
   0.0,
   0.0749,
   0.0547,
   0.0856,
   0.0331,
   0.0027,
   0.0684,
   0.0285,
   0.0441,
   0.0275,
   0.0061,
   0.0293,
   0.0046,
   0.0277,
   0.0972,
   0.0715,
   0.1309,
   -0.007,
   0.0541,
   -0.0066,
   -0.1059,
   -0.0342,
   0.0133,
   1.0,
   0.04,
   0.0321,
   0.0261,
   -0.0201,
   0.0957
  ],
  [
   0.101,
   0.1564,
   -0.0086,
   0.0751,
   -0.0223,
   0.0502,
   0.1897,
   0.0471,
   0.1222,
   0.0821,
   0.0401,
   0.1298,
   0.1571,
   0.1941,
   -0.0188,
   0.1548,
   0.0745,
   0.0193,
   0.0928,
   0.1939,
   0.0083,
   0.1392,
   -0.0148,
   -0.012,
   0.0392,
   0.1095,
   -0.0852,
   0.04,
   1.0,
   0.0683,
   0.1771,
   0.1309,
   0.0482
  ],
  [
   -0.0242,
   0.114,
   0.0107,
   0.1193,
   0.1902,
   -0.0101,
   0.0496,
   -0.0384,
   0.0618,
   -0.0205,
   0.0892,
   -0.1201,
   0.0577,
   0.0347,
   0.0136,
   -0.2444,
   -0.1457,
   0.0009,
   0.1586,
   0.0353,
   -0.0471,
   0.015,
   0.0505,
   0.0853,
   0.0212,
   0.1397,
   0.0112,
   0.0321,
   0.0683,
   1.0,
   0.1294,
   -0.2325,
   0.112
  ],
  [
   0.0181,
   0.0347,
   -0.0284,
   0.0032,
   0.0364,
   0.0248,
   0.0831,
   -0.0689,
   0.0727,
   0.1961,
   0.0007,
   0.0711,
   0.0931,
   0.0469,
   0.0137,
   0.0511,
   0.0599,
   0.0135,
   0.0244,
   0.0504,
   -0.0232,
   0.0922,
   -0.0346,
   -0.0845,
   0.0045,
   0.0525,
   -0.1353,
   0.0261,
   0.1771,
   0.1294,
   1.0,
   0.102,
   0.0207
  ],
  [
   0.0576,
   0.1756,
   0.0735,
   0.1338,
   -0.0558,
   -0.0058,
   0.1845,
   -0.0389,
   0.055,
   0.1009,
   0.2358,
   0.7969,
   0.3203,
   0.2035,
   0.0925,
   0.7713,
   0.121,
   0.3795,
   0.2872,
   0.2604,
   0.1278,
   0.1737,
   0.2338,
   0.2028,
   0.1482,
   0.1639,
   -0.0457,
   -0.0201,
   0.1309,
   -0.2325,
   0.102,
   1.0,
   0.4473
  ],
  [
   0.1209,
   0.1293,
   0.0664,
   0.1875,
   0.0212,
   0.0008,
   0.4383,
   0.052,
   0.3388,
   0.1004,
   0.3656,
   0.6484,
   0.4279,
   0.2593,
   0.269,
   0.3264,
   -0.0617,
   0.1149,
   0.3682,
   0.4493,
   0.1117,
   0.4355,
   0.0745,
   0.2755,
   -0.0431,
   -0.0088,
   -0.0367,
   0.0957,
   0.0482,
   0.112,
   0.0207,
   0.4473,
   1.0
  ]
 ],
 "cos_early": [
  [
   1.0000016689300537,
   0.12460188567638397,
   -0.07374169677495956,
   -0.0041242800652980804,
   -0.0541752427816391,
   -0.0012909416109323502,
   0.021121632307767868,
   0.05317656323313713,
   -0.08897553384304047,
   0.06215812265872955,
   0.12885761260986328,
   0.042421482503414154,
   0.05443247780203819,
   -0.03942414000630379,
   0.0670720562338829,
   -0.17153075337409973,
   0.061708834022283554,
   -0.2165829837322235,
   -0.12948226928710938,
   0.02846922166645527,
   -0.17224261164665222,
   0.06101217865943909,
   -0.1200655996799469,
   -0.09808606654405594,
   -0.02355375699698925,
   -0.17792290449142456,
   0.030253589153289795,
   0.03203399479389191,
   0.08727484196424484,
   -0.034957967698574066,
   0.03160335123538971,
   0.10592304170131683,
   -0.1211763322353363
  ],
  [
   0.12460188567638397,
   1.000000238418579,
   -0.09868263453245163,
   0.08861410617828369,
   -0.03407011926174164,
   -0.028184175491333008,
   -0.01927592232823372,
   0.08757699280977249,
   -0.2030174434185028,
   0.02786974050104618,
   0.31299108266830444,
   0.00042061880230903625,
   0.12384993582963943,
   0.03582679480314255,
   -0.03415277600288391,
   -0.2800980508327484,
   -0.1866278350353241,
   -0.31842735409736633,
   -0.19299204647541046,
   0.01780906319618225,
   -0.08078654855489731,
   0.11993411183357239,
   -0.36093026399612427,
   -0.2587181031703949,
   0.016256526112556458,
   -0.851540744304657,
   -0.04618184268474579,
   -0.08606123924255371,
   0.12391102313995361,
   0.08743397891521454,
   -0.10495083779096603,
   0.18398749828338623,
   -0.1982872486114502
  ],
  [
   -0.07374169677495956,
   -0.09868263453245163,
   0.999999463558197,
   0.013554921373724937,
   -0.011817444115877151,
   -0.04234421253204346,
   0.013927379623055458,
   -0.11504538357257843,
   0.014591498300433159,
   0.002529636025428772,
   0.00021964311599731445,
   0.07916989177465439,
   -0.11189517378807068,
   0.02196265384554863,
   -0.16156484186649323,
   0.005281290039420128,
   0.0924985259771347,
   -0.0038861241191625595,
   -0.11545173823833466,
   -0.019841598346829414,
   0.01577618531882763,
   -0.07039611041545868,
   0.04263635724782944,
   -0.02658659964799881,
   -0.059105340391397476,
   0.06066608801484108,
   -0.016388380900025368,
   -0.06977503001689911,
   -0.010651648044586182,
   0.0372600220143795,
   0.0037028901278972626,
   -0.010529031977057457,
   0.048043325543403625
  ],
  [
   -0.0041242800652980804,
   0.08861410617828369,
   0.013554921373724937,
   0.9999996423721313,
   0.04174821451306343,
   -0.050719887018203735,
   -0.09328651428222656,
   0.03332129865884781,
   -0.012831378728151321,
   -0.10167466104030609,
   0.10989496111869812,
   0.1411016583442688,
   -0.03496170789003372,
   0.0955083966255188,
   -0.27174094319343567,
   -0.002561090514063835,
   0.006680499762296677,
   -0.03359498828649521,
   -0.05546160042285919,
   -0.07528315484523773,
   -0.0625741109251976,
   -0.18547534942626953,
   -0.07099670171737671,
   -0.12853112816810608,
   0.19016915559768677,
   -0.07665151357650757,
   -0.01016339659690857,
   0.021373536437749863,
   0.059500761330127716,
   0.12580110132694244,
   -0.10472908616065979,
   0.12912914156913757,
   0.11783744394779205
  ],
  [
   -0.0541752427816391,
   -0.03407011926174164,
   -0.011817444115877151,
   0.04174821451306343,
   1.0000003576278687,
   0.06791532039642334,
   -0.04784655570983887,
   -0.0689394399523735,
   0.35776641964912415,
   0.07541713118553162,
   -0.18438342213630676,
   -0.05424831435084343,
   -0.07079575955867767,
   -0.1060379147529602,
   -0.15444019436836243,
   0.14057892560958862,
   -0.04092833399772644,
   -0.027258731424808502,
   0.21684560179710388,
   -0.2907407879829407,
   0.08193717896938324,
   -0.07254954427480698,
   0.14344872534275055,
   0.18591800332069397,
   0.03162459656596184,
   0.018913928419351578,
   0.02286345884203911,
   -0.02748241275548935,
   -0.05506834387779236,
   0.15473945438861847,
   0.00905078649520874,
   -0.11962717771530151,
   -0.06267186254262924
  ],
  [
   -0.0012909416109323502,
   -0.028184175491333008,
   -0.04234421253204346,
   -0.050719887018203735,
   0.06791532039642334,
   0.9999993443489075,
   -0.05840183421969414,
   -0.1245456337928772,
   0.03165004402399063,
   0.021840324625372887,
   -0.054811157286167145,
   -0.03551147133111954,
   0.041513122618198395,
   0.1101987361907959,
   -0.013484509661793709,
   -0.08346302062273026,
   -0.0841396152973175,
   -0.021970530971884727,
   -0.0024299733340740204,
   -0.042439065873622894,
   -0.07751915603876114,
   0.1098371297121048,
   -0.009914279915392399,
   0.07183508574962616,
   -0.09275949001312256,
   0.014678530395030975,
   0.0763794407248497,
   0.02185889706015587,
   -0.0007132980972528458,
   -0.02799598127603531,
   0.053908009082078934,
   0.03151032328605652,
   -0.09312014281749725
  ],
  [
   0.021121632307767868,
   -0.01927592232823372,
   0.013927379623055458,
   -0.09328651428222656,
   -0.04784655570983887,
   -0.05840183421969414,
   0.9999998807907104,
   0.12506338953971863,
   -0.051506392657756805,
   -0.09174530953168869,
   0.020487960427999496,
   -0.04036829620599747,
   -0.08962026238441467,
   -0.059245817363262177,
   0.08513016998767853,
   0.28781259059906006,
   -0.011820901185274124,
   0.15780475735664368,
   -0.10689567029476166,
   0.29041147232055664,
   0.13383987545967102,
   0.10190338641405106,
   -0.04779895022511482,
   -0.0017968625761568546,
   -0.010851530358195305,
   0.03507711738348007,
   -0.1804795116186142,
   -0.04895865172147751,
   -0.1030861884355545,
   0.14640116691589355,
   -0.0597408264875412,
   -0.28420108556747437,
   0.14493685960769653
  ],
  [
   0.05317656323313713,
   0.08757699280977249,
   -0.11504538357257843,
   0.03332129865884781,
   -0.0689394399523735,
   -0.1245456337928772,
   0.12506338953971863,
   1.0000001192092896,
   -0.004647865891456604,
   0.06906470656394958,
   -0.028084708377718925,
   0.03050098940730095,
   -0.00288323312997818,
   -0.0272771418094635,
   0.027503501623868942,
   -0.0037314146757125854,
   0.002286050468683243,
   -0.04814879968762398,
   -0.09671533107757568,
   0.019220873713493347,
   -0.029906325042247772,
   -0.04227691888809204,
   0.016513796523213387,
   -0.00042779557406902313,
   0.057398878037929535,
   -0.0634719729423523,
   -0.05988246202468872,
   0.09276190400123596,
   -0.006662964820861816,
   -0.17746838927268982,
   -0.028552783653140068,
   -0.11458996683359146,
   -0.034456148743629456
  ],
  [
   -0.08897553384304047,
   -0.2030174434185028,
   0.014591498300433159,
   -0.012831378728151321,
   0.35776641964912415,
   0.03165004402399063,
   -0.051506392657756805,
   -0.004647865891456604,
   1.000000238418579,
   -0.03753020614385605,
   -0.13351945579051971,
   0.18333002924919128,
   -0.13570019602775574,
   0.018861211836338043,
   0.07248441874980927,
   0.2712878882884979,
   0.10012353956699371,
   -0.07196982949972153,
   0.08494224399328232,
   -0.6145911812782288,
   0.10869370400905609,
   -0.36289840936660767,
   0.16454003751277924,
   0.15848833322525024,
   -0.030810434371232986,
   0.19660261273384094,
   -0.021133283153176308,
   0.025263268500566483,
   -0.001846611499786377,
   0.07121825963258743,
   0.020982464775443077,
   -0.44364404678344727,
   0.07865127176046371
  ],
  [
   0.06215812265872955,
   0.02786974050104618,
   0.002529636025428772,
   -0.10167466104030609,
   0.07541713118553162,
   0.021840324625372887,
   -0.09174530953168869,
   0.06906470656394958,
   -0.03753020614385605,
   1.0000007152557373,
   -0.034448351711034775,
   0.01396786980330944,
   -0.1677035093307495,
   -0.02419034019112587,
   -0.06880301237106323,
   -0.11006347090005875,
   0.002124341204762459,
   -0.08437207341194153,
   0.010833092033863068,
   0.06109756976366043,
   -0.13910897076129913,
   0.05087950825691223,
   0.05674516782164574,
   -0.0021482249721884727,
   -0.07564836740493774,
   -0.055724576115608215,
   0.0954211875796318,
   0.13825136423110962,
   0.03061794862151146,
   -0.021362923085689545,
   0.10442214459180832,
   0.06092187762260437,
   -0.09880384802818298
  ],
  [
   0.12885761260986328,
   0.31299108266830444,
   0.00021964311599731445,
   0.10989496111869812,
   -0.18438342213630676,
   -0.054811157286167145,
   0.020487960427999496,
   -0.028084708377718925,
   -0.13351945579051971,
   -0.034448351711034775,
   1.000000238418579,
   0.19774620234966278,
   0.07232141494750977,
   -0.019155850633978844,
   0.0559115931391716,
   -0.050604041665792465,
   -0.037198834121227264,
   -0.07432777434587479,
   -0.24224072694778442,
   0.06538213789463043,
   -0.03288379684090614,
   -0.040932733565568924,
   -0.7804813385009766,
   -0.8997917175292969,
   0.05727560445666313,
   -0.299142450094223,
   -0.08643461018800735,
   0.00894881784915924,
   -0.02938217483460903,
   0.08351975679397583,
   -0.06274586915969849,
   0.1271049529314041,
   0.17718905210494995
  ],
  [
   0.042421482503414154,
   0.00042061880230903625,
   0.07916989177465439,
   0.1411016583442688,
   -0.05424831435084343,
   -0.03551147133111954,
   -0.04036829620599747,
   0.03050098940730095,
   0.18333002924919128,
   0.01396786980330944,
   0.19774620234966278,
   0.9999995231628418,
   -0.05128898844122887,
   0.08844419568777084,
   0.16403527557849884,
   -0.19146728515625,
   0.14668118953704834,
   -0.2946065068244934,
   -0.3549434542655945,
   -0.14617599546909332,
   -0.12322889268398285,
   -0.3110429048538208,
   -0.18535909056663513,
   -0.1916506141424179,
   0.0029850639402866364,
   -0.04620569944381714,
   -0.10733748227357864,
   -0.01079840213060379,
   -0.031009076163172722,
   0.004282500594854355,
   -0.045372579246759415,
   0.33797359466552734,
   0.30055689811706543
  ],
  [
   0.05443247780203819,
   0.12384993582963943,
   -0.11189517378807068,
   -0.03496170789003372,
   -0.07079575955867767,
   0.041513122618198395,
   -0.08962026238441467,
   -0.00288323312997818,
   -0.13570019602775574,
   -0.1677035093307495,
   0.07232141494750977,
   -0.05128898844122887,
   1.0000011920928955,
   0.16482646763324738,
   0.0922108069062233,
   -0.1303301453590393,
   -0.019529424607753754,
   0.021333621814846992,
   0.09274186939001083,
   0.015927132219076157,
   -0.055631667375564575,
   -0.06175050139427185,
   -0.2766566872596741,
   0.03288165479898453,
   0.013870885595679283,
   -0.22609196603298187,
   0.02952643483877182,
   0.027750113978981972,
   -0.04702480509877205,
   -0.07133815437555313,
   0.014108208939433098,
   0.21074388921260834,
   0.0019436683505773544
  ],
  [
   -0.03942414000630379,
   0.03582679480314255,
   0.02196265384554863,
   0.0955083966255188,
   -0.1060379147529602,
   0.1101987361907959,
   -0.059245817363262177,
   -0.0272771418094635,
   0.018861211836338043,
   -0.02419034019112587,
   -0.019155850633978844,
   0.08844419568777084,
   0.16482646763324738,
   1.0,
   0.06672972440719604,
   0.030939169228076935,
   0.08952216804027557,
   -0.012797538191080093,
   -0.029053393751382828,
   -0.00962501298636198,
   0.012944210320711136,
   -0.102117620408535,
   0.05375972390174866,
   0.028880856931209564,
   0.0395103320479393,
   0.0002741599455475807,
   0.02780948579311371,
   0.004047626629471779,
   0.10962119698524475,
   0.012112531810998917,
   -0.1220952644944191,
   0.057656656950712204,
   -0.006628008559346199
  ],
  [
   0.0670720562338829,
   -0.03415277600288391,
   -0.16156484186649323,
   -0.27174094319343567,
   -0.15444019436836243,
   -0.013484509661793709,
   0.08513016998767853,
   0.027503501623868942,
   0.07248441874980927,
   -0.06880301237106323,
   0.0559115931391716,
   0.16403527557849884,
   0.0922108069062233,
   0.06672972440719604,
   1.0000005960464478,
   0.03797661513090134,
   0.04046002775430679,
   0.042612139135599136,
   -0.023989666253328323,
   0.07208718359470367,
   0.07308770716190338,
   0.01149519719183445,
   -0.09440433979034424,
   -0.0076030888594686985,
   0.03053802251815796,
   0.010678542777895927,
   -0.015042651444673538,
   -0.009497806429862976,
   -0.09773539006710052,
   -0.048273298889398575,
   0.019030068069696426,
   -0.05862293764948845,
   0.0950809046626091
  ],
  [
   -0.17153075337409973,
   -0.2800980508327484,
   0.005281290039420128,
   -0.002561090514063835,
   0.14057892560958862,
   -0.08346302062273026,
   0.28781259059906006,
   -0.0037314146757125854,
   0.2712878882884979,
   -0.11006347090005875,
   -0.050604041665792465,
   -0.19146728515625,
   -0.1303301453590393,
   0.030939169228076935,
   0.03797661513090134,
   1.0000008344650269,
   0.01680632121860981,
   0.7325894236564636,
   0.14540396630764008,
   -0.11141131818294525,
   0.2296144664287567,
   -0.16726207733154297,
   0.20201469957828522,
   0.06569100171327591,
   0.1115323007106781,
   0.3048569858074188,
   -0.08994986116886139,
   -0.023514755070209503,
   -0.03485593944787979,
   0.15232926607131958,
   0.007143089547753334,
   -0.5677384734153748,
   0.5846394300460815
  ],
  [
   0.061708834022283554,
   -0.1866278350353241,
   0.0924985259771347,
   0.006680499762296677,
   -0.04092833399772644,
   -0.0841396152973175,
   -0.011820901185274124,
   0.002286050468683243,
   0.10012353956699371,
   0.002124341204762459,
   -0.037198834121227264,
   0.14668118953704834,
   -0.019529424607753754,
   0.08952216804027557,
   0.04046002775430679,
   0.01680632121860981,
   1.0000004768371582,
   -0.1843116134405136,
   -0.09160391986370087,
   -0.11201171576976776,
   0.01084967888891697,
   -0.2913369834423065,
   0.08603058755397797,
   0.05269840359687805,
   -0.009568320587277412,
   0.13340122997760773,
   -0.07916070520877838,
   0.017277894541621208,
   -0.12209813296794891,
   -0.09005908668041229,
   0.04542068392038345,
   -0.017799120396375656,
   -0.020156975835561752
  ],
  [
   -0.2165829837322235,
   -0.31842735409736633,
   -0.0038861241191625595,
   -0.03359498828649521,
   -0.027258731424808502,
   -0.021970530971884727,
   0.15780475735664368,
   -0.04814879968762398,
   -0.07196982949972153,
   -0.08437207341194153,
   -0.07432777434587479,
   -0.2946065068244934,
   0.021333621814846992,
   -0.012797538191080093,
   0.042612139135599136,
   0.7325894236564636,
   -0.1843116134405136,
   1.0000007152557373,
   0.1681569516658783,
   0.20693543553352356,
   0.09113340079784393,
   -0.005975911393761635,
   0.13316155970096588,
   0.06766930222511292,
   0.052341707050800323,
   0.32769185304641724,
   -0.0015422701835632324,
   -0.04330543428659439,
   -0.0007755439728498459,
   0.02655857428908348,
   0.04452494531869888,
   -0.2761453092098236,
   0.6727950572967529
  ],
  [
   -0.12948226928710938,
   -0.19299204647541046,
   -0.11545173823833466,
   -0.05546160042285919,
   0.21684560179710388,
   -0.0024299733340740204,
   -0.10689567029476166,
   -0.09671533107757568,
   0.08494224399328232,
   0.010833092033863068,
   -0.24224072694778442,
   -0.3549434542655945,
   0.09274186939001083,
   -0.029053393751382828,
   -0.023989666253328323,
   0.14540396630764008,
   -0.09160391986370087,
   0.1681569516658783,
   0.9999999403953552,
   -0.10077658295631409,
   0.22921746969223022,
   0.026075100526213646,
   0.19112467765808105,
   0.23081347346305847,
   0.061823926866054535,
   0.16118255257606506,
   0.0288279689848423,
   0.014994986355304718,
   -0.02406865544617176,
   0.26995909214019775,
   0.04949352145195007,
   -0.15538960695266724,
   -0.11886633932590485
  ],
  [
   0.02846922166645527,
   0.01780906319618225,
   -0.019841598346829414,
   -0.07528315484523773,
   -0.2907407879829407,
   -0.042439065873622894,
   0.29041147232055664,
   0.019220873713493347,
   -0.6145911812782288,
   0.06109756976366043,
   0.06538213789463043,
   -0.14617599546909332,
   0.015927132219076157,
   -0.00962501298636198,
   0.07208718359470367,
   -0.11141131818294525,
   -0.11201171576976776,
   0.20693543553352356,
   -0.10077658295631409,
   1.0000004768371582,
   -0.1298638880252838,
   0.3499332666397095,
   -0.12134997546672821,
   -0.08063352853059769,
   0.026046978309750557,
   -0.022053062915802002,
   0.04853525385260582,
   -0.0018371096812188625,
   0.02162398397922516,
   -0.11305783689022064,
   -0.03800743818283081,
   0.18243646621704102,
   -0.007959460839629173
  ],
  [
   -0.17224261164665222,
   -0.08078654855489731,
   0.01577618531882763,
   -0.0625741109251976,
   0.08193717896938324,
   -0.07751915603876114,
   0.13383987545967102,
   -0.029906325042247772,
   0.10869370400905609,
   -0.13910897076129913,
   -0.03288379684090614,
   -0.12322889268398285,
   -0.055631667375564575,
   0.012944210320711136,
   0.07308770716190338,
   0.2296144664287567,
   0.01084967888891697,
   0.09113340079784393,
   0.22921746969223022,
   -0.1298638880252838,
   1.0000003576278687,
   -0.00842672772705555,
   0.05144912376999855,
   0.043713316321372986,
   -0.07198294997215271,
   0.07523167878389359,
   -0.10469327121973038,
   -0.18374556303024292,
   -0.08145416527986526,
   0.1283828467130661,
   -0.0011696629226207733,
   -0.22390834987163544,
   0.022437017410993576
  ],
  [
   0.06101217865943909,
   0.11993411183357239,
   -0.07039611041545868,
   -0.18547534942626953,
   -0.07254954427480698,
   0.1098371297121048,
   0.10190338641405106,
   -0.04227691888809204,
   -0.36289840936660767,
   0.05087950825691223,
   -0.040932733565568924,
   -0.3110429048538208,
   -0.06175050139427185,
   -0.102117620408535,
   0.01149519719183445,
   -0.16726207733154297,
   -0.2913369834423065,
   -0.005975911393761635,
   0.026075100526213646,
   0.3499332666397095,
   -0.00842672772705555,
   1.000000238418579,
   0.01733550988137722,
   -0.016665803268551826,
   -0.10135985910892487,
   -0.09726740419864655,
   0.03771156817674637,
   -0.06602837145328522,
   0.059538669884204865,
   -0.028020357713103294,
   0.04330482706427574,
   0.02331046760082245,
   -0.2605881989002228
  ],
  [
   -0.1200655996799469,
   -0.36093026399612427,
   0.04263635724782944,
   -0.07099670171737671,
   0.14344872534275055,
   -0.009914279915392399,
   -0.04779895022511482,
   0.016513796523213387,
   0.16454003751277924,
   0.05674516782164574,
   -0.7804813385009766,
   -0.18535909056663513,
   -0.2766566872596741,
   0.05375972390174866,
   -0.09440433979034424,
   0.20201469957828522,
   0.08603058755397797,
   0.13316155970096588,
   0.19112467765808105,
   -0.12134997546672821,
   0.05144912376999855,
   0.01733550988137722,
   1.0000011920928955,
   0.6141611933708191,
   -0.09094469249248505,
   0.42732787132263184,
   0.057488322257995605,
   -0.019520435482263565,
   0.04198266193270683,
   -0.05836888402700424,
   0.057459909468889236,
   -0.18582358956336975,
   -0.05514426529407501
  ],
  [
   -0.09808606654405594,
   -0.2587181031703949,
   -0.02658659964799881,
   -0.12853112816810608,
   0.18591800332069397,
   0.07183508574962616,
   -0.0017968625761568546,
   -0.00042779557406902313,
   0.15848833322525024,
   -0.0021482249721884727,
   -0.8997917175292969,
   -0.1916506141424179,
   0.03288165479898453,
   0.028880856931209564,
   -0.0076030888594686985,
   0.06569100171327591,
   0.05269840359687805,
   0.06766930222511292,
   0.23081347346305847,
   -0.08063352853059769,
   0.043713316321372986,
   -0.016665803268551826,
   0.6141611933708191,
   1.000000238418579,
   -0.034188900142908096,
   0.19441449642181396,
   0.080559141933918,
   0.011350585147738457,
   0.055492155253887177,
   -0.09281386435031891,
   0.10702672600746155,
   -0.13846158981323242,
   -0.1523752212524414
  ],
  [
   -0.02355375699698925,
   0.016256526112556458,
   -0.059105340391397476,
   0.19016915559768677,
   0.03162459656596184,
   -0.09275949001312256,
   -0.010851530358195305,
   0.057398878037929535,
   -0.030810434371232986,
   -0.07564836740493774,
   0.05727560445666313,
   0.0029850639402866364,
   0.013870885595679283,
   0.0395103320479393,
   0.03053802251815796,
   0.1115323007106781,
   -0.009568320587277412,
   0.052341707050800323,
   0.061823926866054535,
   0.026046978309750557,
   -0.07198294997215271,
   -0.10135985910892487,
   -0.09094469249248505,
   -0.034188900142908096,
   1.0000007152557373,
   0.0017217807471752167,
   -0.08322301506996155,
   0.1443500965833664,
   0.03202692046761513,
   -0.038371551781892776,
   -0.036352984607219696,
   0.0005707759410142899,
   0.03781900554895401
  ],
  [
   -0.17792290449142456,
   -0.851540744304657,
   0.06066608801484108,
   -0.07665151357650757,
   0.018913928419351578,
   0.014678530395030975,
   0.03507711738348007,
   -0.0634719729423523,
   0.19660261273384094,
   -0.055724576115608215,
   -0.299142450094223,
   -0.04620569944381714,
   -0.22609196603298187,
   0.0002741599455475807,
   0.010678542777895927,
   0.3048569858074188,
   0.13340122997760773,
   0.32769185304641724,
   0.16118255257606506,
   -0.022053062915802002,
   0.07523167878389359,
   -0.09726740419864655,
   0.42732787132263184,
   0.19441449642181396,
   0.0017217807471752167,
   1.0000001192092896,
   0.004093073308467865,
   0.049985121935606,
   -0.09638814628124237,
   -0.10997537523508072,
   0.060580119490623474,
   -0.21310773491859436,
   0.2036897838115692
  ],
  [
   0.030253589153289795,
   -0.04618184268474579,
   -0.016388380900025368,
   -0.01016339659690857,
   0.02286345884203911,
   0.0763794407248497,
   -0.1804795116186142,
   -0.05988246202468872,
   -0.021133283153176308,
   0.0954211875796318,
   -0.08643461018800735,
   -0.10733748227357864,
   0.02952643483877182,
   0.02780948579311371,
   -0.015042651444673538,
   -0.08994986116886139,
   -0.07916070520877838,
   -0.0015422701835632324,
   0.0288279689848423,
   0.04853525385260582,
   -0.10469327121973038,
   0.03771156817674637,
   0.057488322257995605,
   0.080559141933918,
   -0.08322301506996155,
   0.004093073308467865,
   0.9999991059303284,
   0.02241874858736992,
   0.034263961017131805,
   0.009008636698126793,
   0.08350604772567749,
   0.14440390467643738,
   -0.019195210188627243
  ],
  [
   0.03203399479389191,
   -0.08606123924255371,
   -0.06977503001689911,
   0.021373536437749863,
   -0.02748241275548935,
   0.02185889706015587,
   -0.04895865172147751,
   0.09276190400123596,
   0.025263268500566483,
   0.13825136423110962,
   0.00894881784915924,
   -0.01079840213060379,
   0.027750113978981972,
   0.004047626629471779,
   -0.009497806429862976,
   -0.023514755070209503,
   0.017277894541621208,
   -0.04330543428659439,
   0.014994986355304718,
   -0.0018371096812188625,
   -0.18374556303024292,
   -0.06602837145328522,
   -0.019520435482263565,
   0.011350585147738457,
   0.1443500965833664,
   0.049985121935606,
   0.02241874858736992,
   1.0000011920928955,
   0.05879663676023483,
   0.0008790455758571625,
   0.021773777902126312,
   -0.08281568437814713,
   -0.050894249230623245
  ],
  [
   0.08727484196424484,
   0.12391102313995361,
   -0.010651648044586182,
   0.059500761330127716,
   -0.05506834387779236,
   -0.0007132980972528458,
   -0.1030861884355545,
   -0.006662964820861816,
   -0.001846611499786377,
   0.03061794862151146,
   -0.02938217483460903,
   -0.031009076163172722,
   -0.04702480509877205,
   0.10962119698524475,
   -0.09773539006710052,
   -0.03485593944787979,
   -0.12209813296794891,
   -0.0007755439728498459,
   -0.02406865544617176,
   0.02162398397922516,
   -0.08145416527986526,
   0.059538669884204865,
   0.04198266193270683,
   0.055492155253887177,
   0.03202692046761513,
   -0.09638814628124237,
   0.034263961017131805,
   0.05879663676023483,
   1.000000238418579,
   0.09994737803936005,
   0.008311115205287933,
   0.03893328085541725,
   -0.049983687698841095
  ],
  [
   -0.034957967698574066,
   0.08743397891521454,
   0.0372600220143795,
   0.12580110132694244,
   0.15473945438861847,
   -0.02799598127603531,
   0.14640116691589355,
   -0.17746838927268982,
   0.07121825963258743,
   -0.021362923085689545,
   0.08351975679397583,
   0.004282500594854355,
   -0.07133815437555313,
   0.012112531810998917,
   -0.048273298889398575,
   0.15232926607131958,
   -0.09005908668041229,
   0.02655857428908348,
   0.26995909214019775,
   -0.11305783689022064,
   0.1283828467130661,
   -0.028020357713103294,
   -0.05836888402700424,
   -0.09281386435031891,
   -0.038371551781892776,
   -0.10997537523508072,
   0.009008636698126793,
   0.0008790455758571625,
   0.09994737803936005,
   1.000000238418579,
   0.1436152458190918,
   -0.11456017941236496,
   0.0574384480714798
  ],
  [
   0.03160335123538971,
   -0.10495083779096603,
   0.0037028901278972626,
   -0.10472908616065979,
   0.00905078649520874,
   0.053908009082078934,
   -0.0597408264875412,
   -0.028552783653140068,
   0.020982464775443077,
   0.10442214459180832,
   -0.06274586915969849,
   -0.045372579246759415,
   0.014108208939433098,
   -0.1220952644944191,
   0.019030068069696426,
   0.007143089547753334,
   0.04542068392038345,
   0.04452494531869888,
   0.04949352145195007,
   -0.03800743818283081,
   -0.0011696629226207733,
   0.04330482706427574,
   0.057459909468889236,
   0.10702672600746155,
   -0.036352984607219696,
   0.060580119490623474,
   0.08350604772567749,
   0.021773777902126312,
   0.008311115205287933,
   0.1436152458190918,
   1.0000001192092896,
   -0.027793707326054573,
   -0.026704605668783188
  ],
  [
   0.10592304170131683,
   0.18398749828338623,
   -0.010529031977057457,
   0.12912914156913757,
   -0.11962717771530151,
   0.03151032328605652,
   -0.28420108556747437,
   -0.11458996683359146,
   -0.44364404678344727,
   0.06092187762260437,
   0.1271049529314041,
   0.33797359466552734,
   0.21074388921260834,
   0.057656656950712204,
   -0.05862293764948845,
   -0.5677384734153748,
   -0.017799120396375656,
   -0.2761453092098236,
   -0.15538960695266724,
   0.18243646621704102,
   -0.22390834987163544,
   0.02331046760082245,
   -0.18582358956336975,
   -0.13846158981323242,
   0.0005707759410142899,
   -0.21310773491859436,
   0.14440390467643738,
   -0.08281568437814713,
   0.03893328085541725,
   -0.11456017941236496,
   -0.027793707326054573,
   0.9999999403953552,
   0.038187116384506226
  ],
  [
   -0.1211763322353363,
   -0.1982872486114502,
   0.048043325543403625,
   0.11783744394779205,
   -0.06267186254262924,
   -0.09312014281749725,
   0.14493685960769653,
   -0.034456148743629456,
   0.07865127176046371,
   -0.09880384802818298,
   0.17718905210494995,
   0.30055689811706543,
   0.0019436683505773544,
   -0.006628008559346199,
   0.0950809046626091,
   0.5846394300460815,
