{
  "model": "Qwen/Qwen2.5-3B",
  "peak_block": 16,
  "write_layer": 17,
  "early_block": 2,
  "dataset": "NeelNanda/counterfact-tracing",
  "revision": "c945b082ca08d0a8f3ba227fb78404a09614c36e",
  "seed": 3,
  "folds": 5,
  "k_relations": 8,
  "pairs_per_relation": 60,
  "templates": {
    "P103": "The mother tongue of {} is",
    "P1412": "The language used by {} is",
    "P176": "{}, developed by",
    "P27": "{} has a citizenship from",
    "P30": "{} belongs to the continent of",
    "P37": "In {}, an official language is",
    "P413": "{}, the",
    "P495": "{}, created in"
  },
  "decoding": {
    "delta_f": {
      "acc": 0.71875,
      "null_mean": 0.12589582800865173,
      "null_95": 0.15427082777023315,
      "p": 0.009900990099009901
    },
    "lexical": {
      "acc": 0.3729166666666667,
      "null_mean": 0.12262500822544098,
      "null_95": 0.1521874964237213,
      "p": 0.009900990099009901
    }
  },
  "identity_check_median": 1.229891068987854e-07,
  "cats": [
    "P103",
    "P1412",
    "P176",
    "P27",
    "P30",
    "P37",
    "P413",
    "P495"
  ],
  "cos_peak": [
    [
      1.0,
      -0.379,
      0.114,
      0.015,
      -0.105,
      -0.05,
      -0.002,
      0.049
    ],
    [
      -0.379,
      1.0,
      0.033,
      -0.041,
      -0.037,
      -0.355,
      -0.051,
      -0.054
    ],
    [
      0.114,
      0.033,
      1.0,
      0.085,
      -0.02,
      0.15,
      -0.06,
      0.251
    ],
    [
      0.015,
      -0.041,
      0.085,
      1.0,
      -0.016,
      0.071,
      0.009,
      0.672
    ],
    [
      -0.105,
      -0.037,
      -0.02,
      -0.016,
      1.0,
      0.019,
      -0.081,
      -0.081
    ],
    [
      -0.05,
      -0.355,
      0.15,
      0.071,
      0.019,
      1.0,
      0.051,
      0.019
    ],
    [
      -0.002,
      -0.051,
      -0.06,
      0.009,
      -0.081,
      0.051,
      1.0,
      0.011
    ],
    [
      0.049,
      -0.054,
      0.251,
      0.672,
      -0.081,
      0.019,
      0.011,
      1.0
    ]
  ],
  "cos_early": [
    [
      1.0,
      0.354,
      0.051,
      -0.031,
      -0.101,
      -0.031,
      -0.036,
      0.072
    ],
    [
      0.354,
      1.0,
      0.063,
      -0.106,
      -0.036,
      0.517,
      0.021,
      0.189
    ],
    [
      0.051,
      0.063,
      1.0,
      -0.067,
      0.011,
      0.021,
      -0.02,
      -0.006
    ],
    [
      -0.031,
      -0.106,
      -0.067,
      1.0,
      0.024,
      -0.06,
      -0.028,
      -0.626
    ],
    [
      -0.101,
      -0.036,
      0.011,
      0.024,
      1.0,
      0.047,
      -0.103,
      -0.153
    ],
    [
      -0.031,
      0.517,
      0.021,
      -0.06,
      0.047,
      1.0,
      0.105,
      0.059
    ],
    [
      -0.036,
      0.021,
      -0.02,
      -0.028,
      -0.103,
      0.105,
      1.0,
      0.053
    ],
    [
      0.072,
      0.189,
      -0.006,
      -0.626,
      -0.153,
      0.059,
      0.053,
      1.0
    ]
  ],
  "transfer": [
    [
      0.863,
      0.759,
      0.783,
      0.743,
      0.46,
      0.77,
      0.782,
      0.652
    ],
    [
      0.363,
      0.432,
      0.549,
      0.555,
      0.503,
      0.534,
      0.506,
      0.56
    ],
    [
      0.978,
      0.962,
      0.89,
      0.917,
      0.757,
      0.949,
      0.745,
      0.761
    ],
    [
      0.745,
      0.732,
      0.609,
      0.59,
      0.543,
      0.755,
      0.675,
      0.567
    ],
    [
      0.24,
      0.33,
      0.534,
      0.373,
      0.749,
      0.333,
      0.419,
      0.405
    ],
    [
      0.555,
      0.629,
      0.773,
      0.709,
      0.858,
      0.712,
      0.652,
      0.73
    ],
    [
      0.458,
      0.446,
      0.33,
      0.352,
      0.164,
      0.429,
      0.493,
      0.569
    ],
    [
      0.773,
      0.681,
      0.772,
      0.699,
      0.454,
      0.791,
      0.717,
      0.593
    ]
  ]
}