{
  "model": "Qwen/Qwen2.5-3B",
  "peak_block": 16,
  "write_layer": 17,
  "early_block": 2,
  "dataset": "NeelNanda/counterfact-tracing",
  "revision": "c945b082ca08d0a8f3ba227fb78404a09614c36e",
  "seed": 9,
  "folds": 5,
  "k_relations": 8,
  "pairs_per_relation": 60,
  "templates": {
    "P103": "The mother tongue of {} is",
    "P1412": "The language used by {} is",
    "P176": "{}, developed by",
    "P27": "{} has a citizenship from",
    "P30": "{} belongs to the continent of",
    "P37": "In {}, an official language is",
    "P413": "{}, the",
    "P495": "{}, created in"
  },
  "decoding": {
    "delta_f": {
      "acc": 0.7395833333333334,
      "null_mean": 0.12283334136009216,
      "null_95": 0.15843749046325684,
      "p": 0.009900990099009901
    },
    "lexical": {
      "acc": 0.3875,
      "null_mean": 0.12652082741260529,
      "null_95": 0.16041666269302368,
      "p": 0.009900990099009901
    }
  },
  "identity_check_median": 1.2317268271999637e-07,
  "cats": [
    "P103",
    "P1412",
    "P176",
    "P27",
    "P30",
    "P37",
    "P413",
    "P495"
  ],
  "cos_peak": [
    [
      1.0,
      0.082,
      0.019,
      0.197,
      -0.113,
      0.318,
      0.013,
      0.228
    ],
    [
      0.082,
      1.0,
      0.078,
      0.194,
      -0.083,
      0.71,
      -0.046,
      0.085
    ],
    [
      0.019,
      0.078,
      1.0,
      0.074,
      0.076,
      0.033,
      -0.035,
      0.155
    ],
    [
      0.197,
      0.194,
      0.074,
      1.0,
      -0.068,
      0.195,
      -0.037,
      0.728
    ],
    [
      -0.113,
      -0.083,
      0.076,
      -0.068,
      1.0,
      -0.068,
      -0.101,
      -0.044
    ],
    [
      0.318,
      0.71,
      0.033,
      0.195,
      -0.068,
      1.0,
      -0.073,
      0.143
    ],
    [
      0.013,
      -0.046,
      -0.035,
      -0.037,
      -0.101,
      -0.073,
      1.0,
      -0.038
    ],
    [
      0.228,
      0.085,
      0.155,
      0.728,
      -0.044,
      0.143,
      -0.038,
      1.0
    ]
  ],
  "cos_early": [
    [
      1.0,
      -0.138,
      -0.029,
      0.102,
      -0.1,
      0.277,
      -0.008,
      0.105
    ],
    [
      -0.138,
      1.0,
      -0.036,
      -0.126,
      0.018,
      -0.799,
      0.045,
      -0.07
    ],
    [
      -0.029,
      -0.036,
      1.0,
      0.056,
      -0.019,
      0.007,
      0.018,
      0.068
    ],
    [
      0.102,
      -0.126,
      0.056,
      1.0,
      -0.081,
      0.176,
      -0.054,
      0.756
    ],
    [
      -0.1,
      0.018,
      -0.019,
      -0.081,
      1.0,
      -0.072,
      -0.09,
      -0.033
    ],
    [
      0.277,
      -0.799,
      0.007,
      0.176,
      -0.072,
      1.0,
      -0.092,
      0.135
    ],
    [
      -0.008,
      0.045,
      0.018,
      -0.054,
      -0.09,
      -0.092,
      1.0,
      -0.054
    ],
    [
      0.105,
      -0.07,
      0.068,
      0.756,
      -0.033,
      0.135,
      -0.054,
      1.0
    ]
  ],
  "transfer": [
    [
      0.8,
      0.678,
      0.651,
      0.701,
      0.393,
      0.723,
      0.679,
      0.715
    ],
    [
      0.793,
      0.454,
      0.628,
      0.613,
      0.294,
      0.686,
      0.507,
      0.605
    ],
    [
      0.859,
      0.894,
      0.904,
      0.916,
      0.938,
      0.905,
      0.702,
      0.814
    ],
    [
      0.879,
      0.694,
      0.706,
      0.692,
      0.424,
      0.798,
      0.564,
      0.7
    ],
    [
      0.216,
      0.388,
      0.69,
      0.479,
      0.81,
      0.285,
      0.411,
      0.399
    ],
    [
      0.759,
      0.545,
      0.624,
      0.571,
      0.335,
      0.625,
      0.539,
      0.632
    ],
    [
      0.502,
      0.47,
      0.438,
      0.43,
      0.224,
      0.523,
      0.553,
      0.415
    ],
    [
      0.885,
      0.68,
      0.866,
      0.713,
      0.605,
      0.755,
      0.61,
      0.733
    ]
  ]
}