{
  "model": "Qwen/Qwen2.5-3B",
  "peak_block": 16,
  "write_layer": 17,
  "early_block": 2,
  "dataset": "NeelNanda/counterfact-tracing",
  "revision": "c945b082ca08d0a8f3ba227fb78404a09614c36e",
  "seed": 1,
  "folds": 5,
  "k_relations": 8,
  "pairs_per_relation": 60,
  "templates": {
    "P103": "The mother tongue of {} is",
    "P1412": "The language used by {} is",
    "P176": "{}, developed by",
    "P27": "{} has a citizenship from",
    "P30": "{} belongs to the continent of",
    "P37": "In {}, an official language is",
    "P413": "{}, the",
    "P495": "{}, created in"
  },
  "decoding": {
    "delta_f": {
      "acc": 0.7458333333333333,
      "null_mean": 0.1263541579246521,
      "null_95": 0.15625,
      "p": 0.009900990099009901
    },
    "lexical": {
      "acc": 0.38125,
      "null_mean": 0.12222916632890701,
      "null_95": 0.14791665971279144,
      "p": 0.009900990099009901
    }
  },
  "identity_check_median": 1.2322817610765924e-07,
  "cats": [
    "P103",
    "P1412",
    "P176",
    "P27",
    "P30",
    "P37",
    "P413",
    "P495"
  ],
  "cos_peak": [
    [
      1.0,
      0.185,
      0.08,
      0.026,
      -0.1,
      0.356,
      0.006,
      -0.06
    ],
    [
      0.185,
      1.0,
      0.198,
      0.082,
      -0.082,
      0.657,
      -0.072,
      -0.04
    ],
    [
      0.08,
      0.198,
      1.0,
      0.277,
      0.022,
      0.006,
      -0.068,
      0.246
    ],
    [
      0.026,
      0.082,
      0.277,
      1.0,
      -0.09,
      0.007,
      0.026,
      0.749
    ],
    [
      -0.1,
      -0.082,
      0.022,
      -0.09,
      1.0,
      -0.055,
      -0.099,
      -0.071
    ],
    [
      0.356,
      0.657,
      0.006,
      0.007,
      -0.055,
      1.0,
      -0.076,
      -0.014
    ],
    [
      0.006,
      -0.072,
      -0.068,
      0.026,
      -0.099,
      -0.076,
      1.0,
      0.013
    ],
    [
      -0.06,
      -0.04,
      0.246,
      0.749,
      -0.071,
      -0.014,
      0.013,
      1.0
    ]
  ],
  "cos_early": [
    [
      1.0,
      0.281,
      -0.056,
      -0.009,
      -0.088,
      0.352,
      -0.012,
      -0.06
    ],
    [
      0.281,
      1.0,
      -0.047,
      -0.15,
      -0.011,
      0.785,
      -0.068,
      -0.128
    ],
    [
      -0.056,
      -0.047,
      1.0,
      0.028,
      -0.011,
      -0.05,
      0.06,
      0.25
    ],
    [
      -0.009,
      -0.15,
      0.028,
      1.0,
      -0.099,
      -0.036,
      0.06,
      0.643
    ],
    [
      -0.088,
      -0.011,
      -0.011,
      -0.099,
      1.0,
      -0.058,
      -0.084,
      -0.139
    ],
    [
      0.352,
      0.785,
      -0.05,
      -0.036,
      -0.058,
      1.0,
      -0.1,
      -0.018
    ],
    [
      -0.012,
      -0.068,
      0.06,
      0.06,
      -0.084,
      -0.1,
      1.0,
      -0.028
    ],
    [
      -0.06,
      -0.128,
      0.25,
      0.643,
      -0.139,
      -0.018,
      -0.028,
      1.0
    ]
  ],
  "transfer": [
    [
      0.779,
      0.607,
      0.709,
      0.633,
      0.427,
      0.632,
      0.661,
      0.677
    ],
    [
      0.852,
      0.775,
      0.8,
      0.715,
      0.465,
      0.782,
      0.509,
      0.677
    ],
    [
      0.956,
      0.977,
      0.956,
      0.936,
      0.866,
      0.939,
      0.589,
      0.85
    ],
    [
      0.907,
      0.934,
      0.919,
      0.844,
      0.469,
      0.895,
      0.722,
      0.712
    ],
    [
      0.218,
      0.368,
      0.634,
      0.409,
      0.751,
      0.343,
      0.376,
      0.382
    ],
    [
      0.633,
      0.543,
      0.513,
      0.492,
      0.273,
      0.489,
      0.417,
      0.475
    ],
    [
      0.508,
      0.443,
      0.309,
      0.435,
      0.245,
      0.46,
      0.629,
      0.514
    ],
    [
      0.633,
      0.738,
      0.738,
      0.707,
      0.482,
      0.702,
      0.64,
      0.629
    ]
  ]
}