{
  "model": "Qwen/Qwen2.5-3B",
  "peak_block": 16,
  "write_layer": 17,
  "early_block": 2,
  "dataset": "NeelNanda/counterfact-tracing",
  "revision": "c945b082ca08d0a8f3ba227fb78404a09614c36e",
  "seed": 0,
  "folds": 5,
  "k_relations": 8,
  "pairs_per_relation": 888,
  "templates": {
    "P103": "The mother tongue of {} is",
    "P1412": "The language used by {} is",
    "P176": "{}, developed by",
    "P27": "{} has a citizenship from",
    "P30": "{} belongs to the continent of",
    "P37": "In {}, an official language is",
    "P413": "{}, the",
    "P495": "{}, created in"
  },
  "decoding": {
    "delta_f": {
      "acc": 0.7773085585585585,
      "null_mean": 0.1257418394088745,
      "null_95": 0.13393159210681915,
      "p": 0.009900990099009901
    },
    "lexical": {
      "acc": 0.39034346846846846,
      "null_mean": 0.12517032027244568,
      "null_95": 0.13332629203796387,
      "p": 0.009900990099009901
    }
  },
  "identity_check_median": 1.2346853850431216e-07,
  "cats": [
    "P103",
    "P1412",
    "P176",
    "P27",
    "P30",
    "P37",
    "P413",
    "P495"
  ],
  "cos_peak": [
    [
      1.0,
      -0.158,
      0.138,
      0.128,
      -0.097,
      0.235,
      0.006,
      -0.03
    ],
    [
      -0.158,
      1.0,
      0.06,
      0.133,
      -0.049,
      0.582,
      -0.063,
      0.018
    ],
    [
      0.138,
      0.06,
      1.0,
      0.029,
      0.043,
      -0.036,
      -0.046,
      0.137
    ],
    [
      0.128,
      0.133,
      0.029,
      1.0,
      -0.02,
      0.136,
      -0.056,
      -0.499
    ],
    [
      -0.097,
      -0.049,
      0.043,
      -0.02,
      1.0,
      -0.055,
      -0.1,
      -0.084
    ],
    [
      0.235,
      0.582,
      -0.036,
      0.136,
      -0.055,
      1.0,
      -0.082,
      0.039
    ],
    [
      0.006,
      -0.063,
      -0.046,
      -0.056,
      -0.1,
      -0.082,
      1.0,
      -0.003
    ],
    [
      -0.03,
      0.018,
      0.137,
      -0.499,
      -0.084,
      0.039,
      -0.003,
      1.0
    ]
  ],
  "cos_early": [
    [
      1.0,
      -0.098,
      -0.04,
      0.039,
      -0.083,
      0.175,
      -0.016,
      -0.043
    ],
    [
      -0.098,
      1.0,
      -0.004,
      0.135,
      0.023,
      0.729,
      -0.049,
      -0.012
    ],
    [
      -0.04,
      -0.004,
      1.0,
      0.027,
      -0.001,
      -0.031,
      0.055,
      0.336
    ],
    [
      0.039,
      0.135,
      0.027,
      1.0,
      -0.007,
      0.151,
      -0.075,
      -0.231
    ],
    [
      -0.083,
      0.023,
      -0.001,
      -0.007,
      1.0,
      -0.057,
      -0.09,
      -0.152
    ],
    [
      0.175,
      0.729,
      -0.031,
      0.151,
      -0.057,
      1.0,
      -0.109,
      0.02
    ],
    [
      -0.016,
      -0.049,
      0.055,
      -0.075,
      -0.09,
      -0.109,
      1.0,
      -0.048
    ],
    [
      -0.043,
      -0.012,
      0.336,
      -0.231,
      -0.152,
      0.02,
      -0.048,
      1.0
    ]
  ],
  "transfer": [
    [
      0.79,
      0.684,
      0.732,
      0.688,
      0.425,
      0.668,
      0.691,
      0.676
    ],
    [
      0.624,
      0.636,
      0.598,
      0.603,
      0.408,
      0.665,
      0.51,
      0.578
    ],
    [
      0.982,
      0.962,
      0.978,
      0.956,
      0.914,
      0.951,
      0.725,
      0.892
    ],
    [
      0.636,
      0.525,
      0.544,
      0.522,
      0.391,
      0.577,
      0.441,
      0.534
    ],
    [
      0.239,
      0.339,
      0.633,
      0.413,
      0.785,
      0.366,
      0.41,
      0.434
    ],
    [
      0.629,
      0.507,
      0.449,
      0.487,
      0.232,
      0.485,
      0.462,
      0.489
    ],
    [
      0.502,
      0.482,
      0.397,
      0.427,
      0.216,
      0.472,
      0.558,
      0.447
    ],
    [
      0.666,
      0.72,
      0.625,
      0.62,
      0.462,
      0.712,
      0.672,
      0.573
    ]
  ]
}