{
  "model": "meta-llama/Llama-3.2-3B",
  "peak_block": 9,
  "write_layer": 10,
  "early_block": 2,
  "dataset": "NeelNanda/counterfact-tracing",
  "revision": "c945b082ca08d0a8f3ba227fb78404a09614c36e",
  "seed": 0,
  "folds": 5,
  "k_relations": 8,
  "pairs_per_relation": 888,
  "templates": {
    "P103": "The mother tongue of {} is",
    "P1412": "The language used by {} is",
    "P176": "{}, developed by",
    "P27": "{} has a citizenship from",
    "P30": "{} belongs to the continent of",
    "P37": "In {}, an official language is",
    "P413": "{}, the",
    "P495": "{}, created in"
  },
  "decoding": {
    "delta_f": {
      "acc": 0.8505067567567568,
      "null_mean": 0.1254180669784546,
      "null_95": 0.1338752806186676,
      "p": 0.009900990099009901
    },
    "lexical": {
      "acc": 0.4659346846846847,
      "null_mean": 0.12498873472213745,
      "null_95": 0.13345298171043396,
      "p": 0.009900990099009901
    }
  },
  "identity_check_median": 8.385261196508509e-08,
  "cats": [
    "P103",
    "P1412",
    "P176",
    "P27",
    "P30",
    "P37",
    "P413",
    "P495"
  ],
  "cos_peak": [
    [
      1.0,
      0.493,
      0.403,
      0.712,
      -0.123,
      0.567,
      -0.014,
      0.636
    ],
    [
      0.493,
      1.0,
      0.311,
      0.511,
      -0.134,
      0.598,
      -0.02,
      0.458
    ],
    [
      0.403,
      0.311,
      1.0,
      0.499,
      0.006,
      0.402,
      0.013,
      0.542
    ],
    [
      0.712,
      0.511,
      0.499,
      1.0,
      -0.085,
      0.549,
      0.021,
      0.826
    ],
    [
      -0.123,
      -0.134,
      0.006,
      -0.085,
      1.0,
      -0.083,
      -0.061,
      -0.069
    ],
    [
      0.567,
      0.598,
      0.402,
      0.549,
      -0.083,
      1.0,
      -0.004,
      0.536
    ],
    [
      -0.014,
      -0.02,
      0.013,
      0.021,
      -0.061,
      -0.004,
      1.0,
      0.026
    ],
    [
      0.636,
      0.458,
      0.542,
      0.826,
      -0.069,
      0.536,
      0.026,
      1.0
    ]
  ],
  "cos_early": [
    [
      1.0,
      -0.408,
      -0.081,
      -0.158,
      -0.065,
      -0.146,
      -0.028,
      -0.045
    ],
    [
      -0.408,
      1.0,
      0.003,
      0.232,
      0.007,
      -0.531,
      -0.013,
      -0.015
    ],
    [
      -0.081,
      0.003,
      1.0,
      0.065,
      0.012,
      0.028,
      0.024,
      0.316
    ],
    [
      -0.158,
      0.232,
      0.065,
      1.0,
      -0.015,
      -0.145,
      -0.083,
      -0.123
    ],
    [
      -0.065,
      0.007,
      0.012,
      -0.015,
      1.0,
      0.097,
      -0.016,
      -0.093
    ],
    [
      -0.146,
      -0.531,
      0.028,
      -0.145,
      0.097,
      1.0,
      0.049,
      -0.03
    ],
    [
      -0.028,
      -0.013,
      0.024,
      -0.083,
      -0.016,
      0.049,
      1.0,
      -0.009
    ],
    [
      -0.045,
      -0.015,
      0.316,
      -0.123,
      -0.093,
      -0.03,
      -0.009,
      1.0
    ]
  ],
  "transfer": [
    [
      0.982,
      0.953,
      0.996,
      0.968,
      0.563,
      0.942,
      0.895,
      0.925
    ],
    [
      0.896,
      0.841,
      0.987,
      0.951,
      0.464,
      0.871,
      0.859,
      0.912
    ],
    [
      0.989,
      0.974,
      0.998,
      0.979,
      0.878,
      0.968,
      0.915,
      0.947
    ],
    [
      0.991,
      0.98,
      0.997,
      0.984,
      0.675,
      0.972,
      0.923,
      0.951
    ],
    [
      0.156,
      0.25,
      0.517,
      0.283,
      0.782,
      0.305,
      0.263,
      0.351
    ],
    [
      0.976,
      0.955,
      0.996,
      0.973,
      0.668,
      0.97,
      0.911,
      0.943
    ],
    [
      0.495,
      0.539,
      0.559,
      0.593,
      0.353,
      0.53,
      0.601,
      0.558
    ],
    [
      0.991,
      0.981,
      0.997,
      0.984,
      0.732,
      0.975,
      0.924,
      0.943
    ]
  ]
}
