{
  "model": "meta-llama/Llama-3.2-3B",
  "peak_block": 9,
  "write_layer": 10,
  "early_block": 2,
  "dataset": "NeelNanda/counterfact-tracing",
  "revision": "c945b082ca08d0a8f3ba227fb78404a09614c36e",
  "seed": 0,
  "folds": 5,
  "k_relations": 33,
  "pairs_per_relation": 60,
  "templates": {
    "P101": "{}'s domain of work is",
    "P103": "The mother tongue of {} is",
    "P106": "{}, who works as",
    "P108": "{}, who is employed by",
    "P127": "{}, by",
    "P1303": "{}, the",
    "P131": "{} is in",
    "P136": "What does {} play? They play",
    "P138": "{} is named for",
    "P140": "The official religion of {} is",
    "P1412": "The language used by {} is",
    "P159": "The headquarter of {} is located in",
    "P17": "{}, which is located in",
    "P176": "{}, developed by",
    "P178": "{} was created by",
    "P19": "{} was born in",
    "P190": "What is the twin city of {}? It is",
    "P20": "{} expired at",
    "P27": "{} has a citizenship from",
    "P276": "{} can be found in",
    "P30": "{} belongs to the continent of",
    "P36": "{}'s capital is",
    "P364": "The original language of {} was",
    "P37": "In {}, an official language is",
    "P39": "{} is a",
    "P407": "{} was written in",
    "P413": "{}, the",
    "P449": "{} was released on",
    "P463": "{} belongs to the organization of",
    "P495": "{}, created in",
    "P641": "{} professionally plays the sport",
    "P740": "{}, that was created in",
    "P937": "{} found employment in"
  },
  "decoding": {
    "delta_f": {
      "acc": 0.6873737373737374,
      "null_mean": 0.030318178236484528,
      "null_95": 0.036388885229825974,
      "p": 0.009900990099009901
    },
    "lexical": {
      "acc": 0.31313131313131315,
      "null_mean": 0.029999999329447746,
      "null_95": 0.03689393773674965,
      "p": 0.009900990099009901
    }
  },
  "identity_check_median": 8.472095913703015e-08,
  "all_layers": true,
  "n_hidden": 29,
  "peak_hidden": 10,
  "cats": [
    "P101",
    "P103",
    "P106",
    "P108",
    "P127",
    "P1303",
    "P131",
    "P136",
    "P138",
    "P140",
    "P1412",
    "P159",
    "P17",
    "P176",
    "P178",
    "P19",
    "P190",
    "P20",
    "P27",
    "P276",
    "P30",
    "P36",
    "P364",
    "P37",
    "P39",
    "P407",
    "P413",
    "P449",
    "P463",
    "P495",
    "P641",
    "P740",
    "P937"
  ],
  "cos_peak": [
    [
      1.0,
      0.38,
      -0.063,
      0.088,
      0.416,
      0.026,
      0.458,
      0.239,
      0.246,
      0.278,
      0.395,
      0.386,
      0.442,
      0.391,
      0.471,
      0.345,
      0.05,
      0.334,
      0.388,
      0.431,
      -0.084,
      0.333,
      0.008,
      0.359,
      0.077,
      0.41,
      0.098,
      0.104,
      0.226,
      0.371,
      0.481,
      0.361,
      0.366
    ],
    [
      0.38,
      1.0,
      0.054,
      0.24,
      0.396,
      0.081,
      0.483,
      0.113,
      0.267,
      0.365,
      0.69,
      0.546,
      0.586,
      0.402,
      0.45,
      0.616,
      0.159,
      0.501,
      0.663,
      0.477,
      -0.135,
      0.365,
      -0.046,
      0.556,
      0.008,
      0.737,
      0.002,
      0.115,
      0.16,
      0.514,
      0.419,
      0.586,
      0.581
    ],
    [
      -0.063,
      0.054,
      1.0,
      0.127,
      0.03,
      -0.093,
      0.02,
      -0.008,
      0.01,
      -0.001,
      0.066,
      0.041,
      0.02,
      -0.004,
      -0.004,
      0.046,
      -0.029,
      -0.001,
      0.029,
      0.019,
      -0.022,
      0.012,
      -0.029,
      0.033,
      -0.037,
      0.05,
      -0.098,
      0.003,
      -0.015,
      0.026,
      0.041,
      0.021,
      0.044
    ],
    [
      0.088,
      0.24,
      0.127,
      1.0,
      0.214,
      0.026,
      0.188,
      0.006,
      0.14,
      0.085,
      0.19,
      0.22,
      0.2,
      0.149,
      0.145,
      0.265,
      0.082,
      0.131,
      0.23,
      0.14,
      -0.044,
      0.131,
      -0.037,
      0.162,
      0.068,
      0.163,
      0.029,
      0.015,
      0.071,
      0.156,
      0.15,
      0.191,
      0.237
    ],
    [
      0.416,
      0.396,
      0.03,
      0.214,
      1.0,
      0.02,
      0.66,
      0.133,
      0.584,
      0.304,
      0.39,
      0.631,
      0.584,
      0.753,
      0.755,
      0.479,
      0.1,
      0.446,
      0.504,
      0.72,
      0.024,
      0.552,
      0.081,
      0.453,
      -0.005,
      0.549,
      0.031,
      0.133,
      0.242,
      0.554,
      0.454,
      0.517,
      0.465
    ],
    [
      0.026,
      0.081,
      -0.093,
      0.026,
      0.02,
      1.0,
      -0.004,
      0.003,
      -0.015,
      0.032,
      0.096,
      0.032,
      0.025,
      0.027,
      0.057,
      0.02,
      0.05,
      0.056,
      0.029,
      0.003,
      -0.016,
      -0.001,
      -0.077,
      0.076,
      -0.039,
      0.073,
      -0.039,
      0.052,
      0.035,
      0.013,
      0.01,
      0.018,
      0.074
    ],
    [
      0.458,
      0.483,
      0.02,
      0.188,
      0.66,
      -0.004,
      1.0,
      0.147,
      0.446,
      0.348,
      0.437,
      0.76,
      0.854,
      0.621,
      0.625,
      0.634,
      0.122,
      0.581,
      0.61,
      0.821,
      -0.068,
      0.65,
      0.175,
      0.535,
      0.049,
      0.607,
      0.097,
      0.159,
      0.251,
      0.663,
      0.531,
      0.652,
      0.549
    ],
    [
      0.239,
      0.113,
      -0.008,
      0.006,
      0.133,
      0.003,
      0.147,
      1.0,
      0.036,
      0.091,
      0.107,
      0.133,
      0.133,
      0.118,
      0.135,
      0.114,
      -0.041,
      0.074,
      0.072,
      0.138,
      -0.022,
      0.111,
      -0.009,
      0.089,
      0.032,
      0.116,
      0.054,
      0.012,
      0.062,
      0.097,
      0.118,
      0.104,
      0.111
    ],
    [
      0.246,
      0.267,
      0.01,
      0.14,
      0.584,
      -0.015,
      0.446,
      0.036,
      1.0,
      0.244,
      0.271,
      0.514,
      0.361,
      0.579,
      0.494,
      0.377,
      0.12,
      0.367,
      0.397,
      0.617,
      0.002,
      0.532,
      0.125,
      0.412,
      0.029,
      0.439,
      0.024,
      0.09,
      0.115,
      0.441,
      0.312,
      0.371,
      0.358
    ],
    [
      0.278,
      0.365,
      -0.001,
      0.085,
      0.304,
      0.032,
      0.348,
      0.091,
      0.244,
      1.0,
      0.381,
      0.365,
      0.371,
      0.345,
      0.342,
      0.314,
      -0.046,
      0.358,
      0.429,
      0.331,
      -0.117,
      0.265,
      0.118,
      0.4,
      -0.046,
      0.462,
      0.046,
      0.007,
      0.169,
      0.407,
      0.393,
      0.332,
      0.353
    ],
    [
      0.395,
      0.69,
      0.066,
      0.19,
      0.39,
      0.096,
      0.437,
      0.107,
      0.271,
      0.381,
      1.0,
      0.507,
      0.5,
      0.377,
      0.418,
      0.485,
      0.084,
      0.464,
      0.625,
      0.466,
      -0.154,
      0.324,
      -0.295,
      0.622,
      0.055,
      0.701,
      0.015,
      0.137,
      0.108,
      0.525,
      0.424,
      0.45,
      0.624
    ],
    [
      0.386,
      0.546,
      0.041,
      0.22,
      0.631,
      0.032,
      0.76,
      0.133,
      0.514,
      0.365,
      0.507,
      1.0,
      0.701,
      0.577,
      0.619,
      0.804,
      0.157,
      0.725,
      0.656,
      0.825,
      -0.089,
      0.677,
      0.138,
      0.568,
      -0.002,
      0.657,
      0.087,
      0.17,
      0.205,
      0.662,
      0.495,
      0.84,
      0.707
    ],
    [
      0.442,
      0.586,
      0.02,
      0.2,
      0.584,
      0.025,
      0.854,
      0.133,
      0.361,
      0.371,
      0.5,
      0.701,
      1.0,
      0.56,
      0.587,
      0.627,
      0.154,
      0.598,
      0.703,
      0.728,
      -0.105,
      0.588,
      0.138,
      0.538,
      0.063,
      0.656,
      0.101,
      0.142,
      0.202,
      0.716,
      0.566,
      0.654,
      0.534
    ],
    [
      0.391,
      0.402,
      -0.004,
      0.149,
      0.753,
      0.027,
      0.621,
      0.118,
      0.579,
      0.345,
      0.377,
      0.577,
      0.56,
      1.0,
      0.779,
      0.464,
      0.08,
      0.447,
      0.512,
      0.695,
      -0.005,
      0.511,
      0.112,
      0.404,
      0.041,
      0.559,
      0.064,
      0.145,
      0.205,
      0.511,
      0.519,
      0.493,
      0.423
    ],
    [
      0.471,
      0.45,
      -0.004,
      0.145,
      0.755,
      0.057,
      0.625,
      0.135,
      0.494,
      0.342,
      0.418,
      0.619,
      0.587,
      0.779,
      1.0,
      0.478,
      0.07,
      0.45,
      0.518,
      0.671,
      -0.053,
      0.5,
      0.063,
      0.439,
      -0.019,
      0.58,
      0.024,
      0.189,
      0.232,
      0.542,
      0.536,
      0.536,
      0.458
    ],
    [
      0.345,
      0.616,
      0.046,
      0.265,
      0.479,
      0.02,
      0.634,
      0.114,
      0.377,
      0.314,
      0.485,
      0.804,
      0.627,
      0.464,
      0.478,
      1.0,
      0.232,
      0.734,
      0.691,
      0.644,
      -0.077,
      0.577,
      0.18,
      0.475,
      0.025,
      0.561,
      0.107,
      0.148,
      0.167,
      0.562,
      0.455,
      0.835,
      0.734
    ],
    [
      0.05,
      0.159,
      -0.029,
      0.082,
      0.1,
      0.05,
      0.122,
      -0.041,
      0.12,
      -0.046,
      0.084,
      0.157,
      0.154,
      0.08,
      0.07,
      0.232,
      1.0,
      0.164,
      0.126,
      0.131,
      -0.066,
      0.143,
      -0.051,
      0.103,
      -0.013,
      0.105,
      0.043,
      0.002,
      0.073,
      -0.044,
      0.087,
      0.224,
      -0.004
    ],
    [
      0.334,
      0.501,
      -0.001,
      0.131,
      0.446,
      0.056,
      0.581,
      0.074,
      0.367,
      0.358,
      0.464,
      0.725,
      0.598,
      0.447,
      0.45,
      0.734,
      0.164,
      1.0,
      0.661,
      0.655,
      -0.042,
      0.522,
      0.266,
      0.486,
      -0.023,
      0.566,
      0.069,
      0.133,
      0.153,
      0.58,
      0.424,
      0.71,
      0.667
    ],
    [
      0.388,
      0.663,
      0.029,
      0.23,
      0.504,
      0.029,
      0.61,
      0.072,
      0.397,
      0.429,
      0.625,
      0.656,
      0.703,
      0.512,
      0.518,
      0.691,
      0.126,
      0.661,
      1.0,
      0.605,
      -0.094,
      0.453,
      0.166,
      0.551,
      0.026,
      0.66,
      0.06,
      0.153,
      0.136,
      0.749,
      0.522,
      0.635,
      0.652
    ],
    [
      0.431,
      0.477,
      0.019,
      0.14,
      0.72,
      0.003,
      0.821,
      0.138,
      0.617,
      0.331,
      0.466,
      0.825,
      0.728,
      0.695,
      0.671,
      0.644,
      0.131,
      0.655,
      0.605,
      1.0,
      -0.045,
      0.713,
      0.175,
      0.556,
      0.041,
      0.676,
      0.063,
      0.193,
      0.223,
      0.682,
      0.529,
      0.69,
      0.585
    ],
    [
      -0.084,
      -0.135,
      -0.022,
      -0.044,
      0.024,
      -0.016,
      -0.068,
      -0.022,
      0.002,
      -0.117,
      -0.154,
      -0.089,
      -0.105,
      -0.005,
      -0.053,
      -0.077,
      -0.066,
      -0.042,
      -0.094,
      -0.045,
      1.0,
      0.001,
      0.089,
      -0.087,
      -0.043,
      -0.087,
      -0.059,
      -0.071,
      -0.017,
      -0.033,
      -0.01,
      -0.064,
      -0.091
    ],
    [
      0.333,
      0.365,
      0.012,
      0.131,
      0.552,
      -0.001,
      0.65,
      0.111,
      0.532,
      0.265,
      0.324,
      0.677,
      0.588,
      0.511,
      0.5,
      0.577,
      0.143,
      0.522,
      0.453,
      0.713,
      0.001,
      1.0,
      0.161,
      0.505,
      0.113,
      0.505,
      0.092,
      0.107,
      0.185,
      0.476,
      0.386,
      0.531,
      0.491
    ],
    [
      0.008,
      -0.046,
      -0.029,
      -0.037,
      0.081,
      -0.077,
      0.175,
      -0.009,
      0.125,
      0.118,
      -0.295,
      0.138,
      0.138,
      0.112,
      0.063,
      0.18,
      -0.051,
      0.266,
      0.166,
      0.175,
      0.089,
      0.161,
      1.0,
      0.055,
      -0.027,
      0.073,
      0.063,
      -0.03,
      -0.0,
      0.18,
      0.121,
      0.172,
      0.043
    ],
    [
      0.359,
      0.556,
      0.033,
      0.162,
      0.453,
      0.076,
      0.535,
      0.089,
      0.412,
      0.4,
      0.622,
      0.568,
      0.538,
      0.404,
      0.439,
      0.475,
      0.103,
      0.486,
      0.551,
      0.556,
      -0.087,
      0.505,
      0.055,
      1.0,
      0.038,
      0.731,
      0.03,
      0.137,
      0.164,
      0.516,
      0.386,
      0.469,
      0.536
    ],
    [
      0.077,
      0.008,
      -0.037,
      0.068,
      -0.005,
      -0.039,
      0.049,
      0.032,
      0.029,
      -0.046,
      0.055,
      -0.002,
      0.063,
      0.041,
      -0.019,
      0.025,
      -0.013,
      -0.023,
      0.026,
      0.041,
      -0.043,
      0.113,
      -0.027,
      0.038,
      1.0,
      0.012,
      0.125,
      0.022,
      -0.029,
      0.008,
      0.019,
      -0.005,
      0.051
    ],
    [
      0.41,
      0.737,
      0.05,
      0.163,
      0.549,
      0.073,
      0.607,
      0.116,
      0.439,
      0.462,
      0.701,
      0.657,
      0.656,
      0.559,
      0.58,
      0.561,
      0.105,
      0.566,
      0.66,
      0.676,
      -0.087,
      0.505,
      0.073,
      0.731,
      0.012,
      1.0,
      0.044,
      0.135,
      0.182,
      0.677,
      0.483,
      0.589,
      0.576
    ],
    [
      0.098,
      0.002,
      -0.098,
      0.029,
      0.031,
      -0.039,
      0.097,
      0.054,
      0.024,
      0.046,
      0.015,
      0.087,
      0.101,
      0.064,
      0.024,
      0.107,
      0.043,
      0.069,
      0.06,
      0.063,
      -0.059,
      0.092,
      0.063,
      0.03,
      0.125,
      0.044,
      1.0,
      -0.073,
      0.05,
      0.06,
      0.078,
      0.093,
      0.07
    ],
    [
      0.104,
      0.115,
      0.003,
      0.015,
      0.133,
      0.052,
      0.159,
      0.012,
      0.09,
      0.007,
      0.137,
      0.17,
      0.142,
      0.145,
      0.189,
      0.148,
      0.002,
      0.133,
      0.153,
      0.193,
      -0.071,
      0.107,
      -0.03,
      0.137,
      0.022,
      0.135,
      -0.073,
      1.0,
      0.034,
      0.151,
      0.128,
      0.147,
      0.164
    ],
    [
      0.226,
      0.16,
      -0.015,
      0.071,
      0.242,
      0.035,
      0.251,
      0.062,
      0.115,
      0.169,
      0.108,
      0.205,
      0.202,
      0.205,
      0.232,
      0.167,
      0.073,
      0.153,
      0.136,
      0.223,
      -0.017,
      0.185,
      -0.0,
      0.164,
      -0.029,
      0.182,
      0.05,
      0.034,
      1.0,
      0.12,
      0.191,
      0.189,
      0.094
    ],
    [
      0.371,
      0.514,
      0.026,
      0.156,
      0.554,
      0.013,
      0.663,
      0.097,
      0.441,
      0.407,
      0.525,
      0.662,
      0.716,
      0.511,
      0.542,
      0.562,
      -0.044,
      0.58,
      0.749,
      0.682,
      -0.033,
      0.476,
      0.18,
      0.516,
      0.008,
      0.677,
      0.06,
      0.151,
      0.12,
      1.0,
      0.516,
      0.621,
      0.616
    ],
    [
      0.481,
      0.419,
      0.041,
      0.15,
      0.454,
      0.01,
      0.531,
      0.118,
      0.312,
      0.393,
      0.424,
      0.495,
      0.566,
      0.519,
      0.536,
      0.455,
      0.087,
      0.424,
      0.522,
      0.529,
      -0.01,
      0.386,
      0.121,
      0.386,
      0.019,
      0.483,
      0.078,
      0.128,
      0.191,
      0.516,
      1.0,
      0.489,
      0.427
    ],
    [
      0.361,
      0.586,
      0.021,
      0.191,
      0.517,
      0.018,
      0.652,
      0.104,
      0.371,
      0.332,
      0.45,
      0.84,
      0.654,
      0.493,
      0.536,
      0.835,
      0.224,
      0.71,
      0.635,
      0.69,
      -0.064,
      0.531,
      0.172,
      0.469,
      -0.005,
      0.589,
      0.093,
      0.147,
      0.189,
      0.621,
      0.489,
      1.0,
      0.63
    ],
    [
      0.366,
      0.581,
      0.044,
      0.237,
      0.465,
      0.074,
      0.549,
      0.111,
      0.358,
      0.353,
      0.624,
      0.707,
      0.534,
      0.423,
      0.458,
      0.734,
      -0.004,
      0.667,
      0.652,
      0.585,
      -0.091,
      0.491,
      0.043,
      0.536,
      0.051,
      0.576,
      0.07,
      0.164,
      0.094,
      0.616,
      0.427,
      0.63,
      1.0
    ]
  ],
  "cos_early": [
    [
      1.0,
      0.012,
      -0.055,
      -0.008,
      -0.008,
      0.057,
      0.026,
      -0.017,
      -0.073,
      0.038,
      0.083,
      0.019,
      0.029,
      0.011,
      -0.002,
      -0.098,
      0.04,
      -0.123,
      -0.048,
      -0.026,
      -0.04,
      -0.045,
      -0.087,
      -0.066,
      -0.014,
      -0.019,
      -0.017,
      0.006,
      0.043,
      -0.024,
      -0.012,
      0.031,
      -0.023
    ],
    [
      0.012,
      1.0,
      0.012,
      0.052,
      0.014,
      -0.021,
      -0.044,
      0.062,
      -0.256,
      0.006,
      0.083,
      0.03,
      0.124,
      0.053,
      0.089,
      -0.335,
      0.03,
      -0.425,
      -0.047,
      0.032,
      -0.061,
      -0.025,
      -0.146,
      -0.181,
      -0.046,
      -0.896,
      -0.031,
      -0.006,
      0.063,
      0.031,
      -0.024,
      0.087,
      -0.088
    ],
    [
      -0.055,
      0.012,
      1.0,
      0.033,
      -0.016,
      -0.029,
      -0.002,
      -0.041,
      -0.03,
      0.013,
      0.048,
      -0.03,
      -0.082,
      -0.011,
      0.059,
      0.022,
      -0.071,
      0.014,
      -0.059,
      0.035,
      0.0,
      0.04,
      0.027,
      -0.071,
      -0.014,
      -0.019,
      -0.012,
      -0.003,
      -0.038,
      -0.02,
      0.038,
      -0.04,
      -0.018
    ],
    [
      -0.008,
      0.052,
      0.033,
      1.0,
      0.288,
      0.022,
      -0.09,
      -0.007,
      0.053,
      -0.019,
      0.073,
      0.157,
      0.024,
      0.085,
      0.079,
      -0.053,
      0.031,
      -0.06,
      -0.002,
      -0.08,
      -0.028,
      -0.056,
      -0.08,
      -0.067,
      0.024,
      -0.056,
      0.023,
      0.068,
      -0.056,
      0.063,
      -0.017,
      0.141,
      0.169
    ],
    [
      -0.008,
      0.014,
      -0.016,
      0.288,
      1.0,
      0.018,
      -0.058,
      -0.005,
      0.103,
      -0.051,
      -0.125,
      -0.004,
      0.127,
      0.012,
      -0.049,
      -0.031,
      0.1,
      -0.026,
      0.098,
      -0.043,
      0.007,
      -0.117,
      0.076,
      0.133,
      0.046,
      -0.014,
      0.05,
      -0.044,
      -0.038,
      0.046,
      -0.015,
      0.02,
      -0.047
    ],
    [
      0.057,
      -0.021,
      -0.029,
      0.022,
      0.018,
      1.0,
      0.019,
      -0.053,
      0.004,
      -0.006,
      0.017,
      0.021,
      0.007,
      0.034,
      -0.027,
      -0.043,
      0.059,
      -0.004,
      -0.006,
      -0.017,
      0.011,
      -0.013,
      -0.016,
      -0.012,
      -0.032,
      0.017,
      0.002,
      0.049,
      -0.008,
      -0.033,
      -0.014,
      0.024,
      0.021
    ],
    [
      0.026,
      -0.044,
      -0.002,
      -0.09,
      -0.058,
      0.019,
      1.0,
      0.069,
      -0.086,
      -0.034,
      0.023,
      -0.116,
      -0.044,
      -0.014,
      -0.035,
      0.323,
      -0.173,
      0.123,
      -0.096,
      0.196,
      0.064,
      0.114,
      -0.028,
      -0.013,
      0.029,
      0.03,
      -0.096,
      0.056,
      -0.072,
      0.112,
      -0.046,
      -0.286,
      0.073
    ],
    [
      -0.017,
      0.062,
      -0.041,
      -0.007,
      -0.005,
      -0.053,
      0.069,
      1.0,
      -0.002,
      -0.015,
      0.003,
      0.044,
      -0.008,
      -0.021,
      -0.002,
      0.001,
      -0.094,
      -0.046,
      -0.074,
      -0.012,
      -0.014,
      -0.066,
      0.012,
      -0.029,
      0.071,
      -0.058,
      -0.002,
      0.004,
      0.012,
      -0.052,
      -0.006,
      0.031,
      0.057
    ],
    [
      -0.073,
      -0.256,
      -0.03,
      0.053,
      0.103,
      0.004,
      -0.086,
      -0.002,
      1.0,
      0.02,
      0.008,
      0.065,
      -0.135,
      0.02,
      -0.026,
      0.153,
      -0.104,
      0.066,
      0.003,
      -0.516,
      0.056,
      -0.06,
      0.074,
      0.027,
      0.049,
      0.232,
      0.03,
      0.012,
      -0.011,
      0.063,
      0.011,
      0.012,
      0.152
    ],
    [
      0.038,
      0.006,
      0.013,
      -0.019,
      -0.051,
      -0.006,
      -0.034,
      -0.015,
      0.02,
      1.0,
      -0.005,
      0.03,
      -0.112,
      0.029,
      0.044,
      -0.063,
      -0.044,
      -0.054,
      -0.015,
      0.025,
      -0.094,
      0.114,
      0.004,
      -0.015,
      -0.05,
      -0.022,
      -0.006,
      -0.056,
      0.01,
      -0.069,
      0.051,
      0.039,
      -0.002
    ],
    [
      0.083,
      0.083,
      0.048,
      0.073,
      -0.125,
      0.017,
      0.023,
      0.003,
      0.008,
      -0.005,
      1.0,
      0.23,
      -0.024,
      0.042,
      0.047,
      -0.004,
      -0.05,
      -0.025,
      -0.162,
      -0.065,
      -0.056,
      -0.009,
      -0.766,
      -0.861,
      0.05,
      -0.181,
      -0.033,
      0.018,
      -0.008,
      0.083,
      -0.015,
      0.165,
      0.314
    ],
    [
      0.019,
      0.03,
      -0.03,
      0.157,
      -0.004,
      0.021,
      -0.116,
      0.044,
      0.065,
      0.03,
      0.23,
      1.0,
      -0.029,
      0.049,
      0.005,
      -0.374,
      -0.031,
      -0.331,
      -0.308,
      -0.242,
      -0.127,
      -0.24,
      -0.253,
      -0.252,
      -0.001,
      -0.029,
      -0.008,
      0.001,
      -0.018,
      0.029,
      -0.003,
      0.805,
      0.747
    ],
    [
      0.029,
      0.124,
      -0.082,
      0.024,
      0.127,
      0.007,
      -0.044,
      -0.008,
      -0.135,
      -0.112,
      -0.024,
      -0.029,
      1.0,
      0.185,
      -0.049,
      -0.213,
      0.353,
      -0.039,
      0.238,
      0.062,
      -0.068,
      -0.412,
      -0.141,
      0.067,
      -0.044,
      -0.176,
      0.02,
      0.021,
      0.016,
      -0.214,
      -0.014,
      0.119,
      -0.135
    ],
    [
      0.011,
      0.053,
      -0.011,
      0.085,
      0.012,
      0.034,
      -0.014,
      -0.021,
      0.02,
      0.029,
      0.042,
      0.049,
      0.185,
      1.0,
      0.133,
      -0.054,
      0.084,
      -0.017,
      0.097,
      0.002,
      -0.053,
      -0.172,
      -0.084,
      -0.04,
      -0.047,
      -0.063,
      -0.001,
      -0.007,
      -0.016,
      0.082,
      -0.029,
      0.048,
      -0.004
    ],
    [
      -0.002,
      0.089,
      0.059,
      0.079,
      -0.049,
      -0.027,
      -0.035,
      -0.002,
      -0.026,
      0.044,
      0.047,
      0.005,
      -0.049,
      0.133,
      1.0,
      -0.024,
      -0.023,
      -0.056,
      -0.007,
      0.016,
      -0.002,
      0.023,
      -0.043,
      -0.065,
      -0.043,
      -0.07,
      -0.044,
      0.017,
      -0.078,
      0.061,
      -0.046,
      0.004,
      -0.007
    ],
    [
      -0.098,
      -0.335,
      0.022,
      -0.053,
      -0.031,
      -0.043,
      0.323,
      0.001,
      0.153,
      -0.063,
      -0.004,
      -0.374,
      -0.213,
      -0.054,
      -0.024,
      1.0,
      -0.34,
      0.724,
      -0.054,
      0.022,
      0.121,
      0.289,
      0.167,
      0.04,
      0.104,
      0.283,
      -0.005,
      0.008,
      -0.061,
      0.173,
      0.039,
      -0.596,
      0.028
    ],
    [
      0.04,
      0.03,
      -0.071,
      0.031,
      0.1,
      0.059,
      -0.173,
      -0.094,
      -0.104,
      -0.044,
      -0.05,
      -0.031,
      0.353,
      0.084,
      -0.023,
      -0.34,
      1.0,
      -0.035,
      0.27,
      0.087,
      0.001,
      -0.262,
      -0.13,
      0.094,
      -0.053,
      -0.037,
      0.072,
      -0.017,
      -0.001,
      -0.123,
      0.001,
      0.166,
      -0.206
    ],
    [
      -0.123,
      -0.425,
      0.014,
      -0.06,
      -0.026,
      -0.004,
      0.123,
      -0.046,
      0.066,
      -0.054,
      -0.025,
      -0.331,
      -0.039,
      -0.017,
      -0.056,
      0.724,
      -0.035,
      1.0,
      0.096,
      0.204,
      0.111,
      0.17,
      0.119,
      0.061,
      -0.026,
      0.346,
      0.041,
      -0.025,
      -0.037,
      0.007,
      0.033,
      -0.363,
      0.052
    ],
    [
      -0.048,
      -0.047,
      -0.059,
      -0.002,
      0.098,
      -0.006,
      -0.096,
      -0.074,
      0.003,
      -0.015,
      -0.162,
      -0.308,
      0.238,
      0.097,
      -0.007,
      -0.054,
      0.27,
      0.096,
      1.0,
      0.141,
      0.169,
      0.004,
      0.089,
      0.208,
      -0.0,
      0.015,
      0.044,
      -0.03,
      0.014,
      0.11,
      0.021,
      -0.189,
      -0.294
    ],
    [
      -0.026,
      0.032,
      0.035,
      -0.08,
      -0.043,
      -0.017,
      0.196,
      -0.012,
      -0.516,
      0.025,
      -0.065,
      -0.242,
      0.062,
      0.002,
      0.016,
      0.022,
      0.087,
      0.204,
      0.141,
      1.0,
      -0.05,
      0.288,
      0.028,
      0.028,
      -0.074,
      -0.053,
      -0.009,
      -0.033,
      -0.007,
      -0.146,
      -0.08,
      -0.189,
      -0.242
    ],
    [
      -0.04,
      -0.061,
      0.0,
      -0.028,
      0.007,
      0.011,
      0.064,
      -0.014,
      0.056,
      -0.094,
      -0.056,
      -0.127,
      -0.068,
      -0.053,
      -0.002,
      0.121,
      0.001,
      0.111,
      0.169,
      -0.05,
      1.0,
      0.097,
      0.056,
      0.076,
      -0.017,
      0.052,
      -0.013,
      -0.029,
      -0.035,
      0.066,
      0.009,
      -0.119,
      -0.047
    ],
    [
      -0.045,
      -0.025,
      0.04,
      -0.056,
      -0.117,
      -0.013,
      0.114,
      -0.066,
      -0.06,
      0.114,
      -0.009,
      -0.24,
      -0.412,
      -0.172,
      0.023,
      0.289,
      -0.262,
      0.17,
      0.004,
      0.288,
      0.097,
      1.0,
      0.147,
      -0.014,
      0.002,
      0.06,
      -0.06,
      0.005,
      -0.053,
      0.031,
      -0.011,
      -0.347,
      -0.076
    ],
    [
      -0.087,
      -0.146,
      0.027,
      -0.08,
      0.076,
      -0.016,
      -0.028,
      0.012,
      0.074,
      0.004,
      -0.766,
      -0.253,
      -0.141,
      -0.084,
      -0.043,
      0.167,
      -0.13,
      0.119,
      0.089,
      0.028,
      0.056,
      0.147,
      1.0,
      0.684,
      -0.009,
      0.223,
      0.037,
      -0.05,
      0.011,
      -0.047,
      0.021,
      -0.237,
      -0.245
    ],
    [
      -0.066,
      -0.181,
      -0.071,
      -0.067,
      0.133,
      -0.012,
      -0.013,
      -0.029,
      0.027,
      -0.015,
      -0.861,
      -0.252,
      0.067,
      -0.04,
      -0.065,
      0.04,
      0.094,
      0.061,
      0.208,
      0.028,
      0.076,
      -0.014,
      0.684,
      1.0,
      -0.028,
      0.277,
      0.032,
      -0.005,
      0.012,
      -0.112,
      0.021,
      -0.194,
      -0.32
    ],
    [
      -0.014,
      -0.046,
      -0.014,
      0.024,
      0.046,
      -0.032,
      0.029,
      0.071,
      0.049,
      -0.05,
      0.05,
      -0.001,
      -0.044,
      -0.047,
      -0.043,
      0.104,
      -0.053,
      -0.026,
      -0.0,
      -0.074,
      -0.017,
      0.002,
      -0.009,
      -0.028,
      1.0,
      0.049,
      0.038,
      0.05,
      -0.044,
      0.068,
      0.008,
      -0.043,
      0.049
    ],
    [
      -0.019,
      -0.896,
      -0.019,
      -0.056,
      -0.014,
      0.017,
      0.03,
      -0.058,
      0.232,
      -0.022,
      -0.181,
      -0.029,
      -0.176,
      -0.063,
      -0.07,
      0.283,
      -0.037,
      0.346,
      0.015,
      -0.053,
      0.052,
      0.06,
      0.223,
      0.277,
      0.049,
      1.0,
      0.004,
      0.01,
      -0.064,
      -0.061,
      0.017,
      -0.088,
      0.046
    ],
    [
      -0.017,
      -0.031,
      -0.012,
      0.023,
      0.05,
      0.002,
      -0.096,
      -0.002,
      0.03,
      -0.006,
      -0.033,
      -0.008,
      0.02,
      -0.001,
      -0.044,
      -0.005,
      0.072,
      0.041,
      0.044,
      -0.009,
      -0.013,
      -0.06,
      0.037,
      0.032,
      0.038,
      0.004,
      1.0,
      -0.056,
      0.099,
      -0.013,
      0.174,
      0.025,
      0.009
    ],
    [
      0.006,
      -0.006,
      -0.003,
      0.068,
      -0.044,
      0.049,
      0.056,
      0.004,
      0.012,
      -0.056,
      0.018,
      0.001,
      0.021,
      -0.007,
      0.017,
      0.008,
      -0.017,
      -0.025,
      -0.03,
      -0.033,
      -0.029,
      0.005,
      -0.05,
      -0.005,
      0.05,
      0.01,
      -0.056,
      1.0,
      -0.044,
      0.063,
      -0.055,
      -0.052,
      0.008
    ],
    [
      0.043,
      0.063,
      -0.038,
      -0.056,
      -0.038,
      -0.008,
      -0.072,
      0.012,
      -0.011,
      0.01,
      -0.008,
      -0.018,
      0.016,
      -0.016,
      -0.078,
      -0.061,
      -0.001,
      -0.037,
      0.014,
      -0.007,
      -0.035,
      -0.053,
      0.011,
      0.012,
      -0.044,
      -0.064,
      0.099,
      -0.044,
      1.0,
      0.035,
      0.117,
      0.023,
      -0.036
    ],
    [
      -0.024,
      0.031,
      -0.02,
      0.063,
      0.046,
      -0.033,
      0.112,
      -0.052,
      0.063,
      -0.069,
      0.083,
      0.029,
      -0.214,
      0.082,
      0.061,
      0.173,
      -0.123,
      0.007,
      0.11,
      -0.146,
      0.066,
      0.031,
      -0.047,
      -0.112,
      0.068,
      -0.061,
      -0.013,
      0.063,
      0.035,
      1.0,
      0.035,
      -0.167,
      0.088
    ],
    [
      -0.012,
      -0.024,
      0.038,
      -0.017,
      -0.015,
      -0.014,
      -0.046,
      -0.006,
      0.011,
      0.051,
      -0.015,
      -0.003,
      -0.014,
      -0.029,
      -0.046,
      0.039,
      0.001,
      0.033,
      0.021,
      -0.08,
      0.009,
      -0.011,
      0.021,
      0.021,
      0.008,
      0.017,
      0.174,
      -0.055,
      0.117,
      0.035,
      1.0,
      0.017,
      0.024
    ],
    [
      0.031,
      0.087,
      -0.04,
      0.141,
      0.02,
      0.024,
      -0.286,
      0.031,
      0.012,
      0.039,
      0.165,
      0.805,
      0.119,
      0.048,
      0.004,
      -0.596,
      0.166,
      -0.363,
      -0.189,
      -0.189,
      -0.119,
      -0.347,
      -0.237,
      -0.194,
      -0.043,
      -0.088,
      0.025,
      -0.052,
      0.023,
      -0.167,
      0.017,
      1.0,
      0.615
    ],
    [
      -0.023,
      -0.088,
      -0.018,
      0.169,
      -0.047,
      0.021,
      0.073,
      0.057,
      0.152,
      -0.002,
      0.314,
      0.747,
      -0.135,
      -0.004,
      -0.007,
      0.028,
      -0.206,
      0.052,
      -0.294,
      -0.242,
      -0.047,
      -0.076,
      -0.245,
      -0.32,
      0.049,
      0.046,
      0.009,
      0.008,
      -0.036,
      0.088,
      0.024,
      0.615,
      1.0
    ]
  ],
  "transfer": [
    [
      0.807,
      0.966,
      0.773,
      0.925,
      0.996,
      0.808,
      0.989,
      0.921,
      0.974,
      0.971,
      0.976,
      0.974,
      0.98,
      1.0,
      0.985,
      0.904,
      0.612,
      0.925,
      0.937,
      0.979,
      0.693,
      0.998,
      0.902,
      0.953,
      0.758,
      0.977,
      0.934,
      0.829,
      0.981,
      0.917,
      0.94,
      0.907,
      0.947
    ],
    [
      0.89,
      0.974,
      0.844,
      0.982,
      0.955,
      0.827,
      0.986,
      0.944,
      0.93,
      0.967,
      0.967,
      0.956,
      0.977,
      1.0,
      0.994,
      0.88,
      0.595,
      0.896,
      0.94,
      0.96,
      0.571,
      0.978,
      0.888,
      0.919,
      0.714,
      0.921,
      0.889,
      0.855,
      0.95,
      0.894,
      0.943,
      0.9,
      0.939
    ],
    [
      0.517,
      0.777,
      0.453,
      0.791,
      0.567,
      0.512,
      0.654,
      0.537,
      0.577,
      0.597,
      0.679,
      0.653,
      0.627,
      0.507,
      0.542,
      0.585,
      0.466,
      0.545,
      0.628,
      0.536,
      0.381,
      0.55,
      0.561,
      0.608,
      0.39,
      0.799,
      0.429,
      0.458,
      0.612,
      0.558,
      0.684,
      0.528,
      0.67
    ],
    [
      0.767,
      0.92,
      0.706,
      0.844,
      0.772,
      0.747,
      0.962,
      0.809,
      0.817,
      0.933,
      0.916,
      0.876,
      0.96,
      0.981,
      0.934,
      0.86,
      0.606,
      0.758,
      0.86,
      0.804,
      0.554,
      0.905,
      0.785,
      0.896,
      0.732,
      0.851,
      0.907,
      0.67,
      0.879,
      0.773,
      0.902,
      0.728,
      0.853
    ],
    [
      0.909,
      0.959,
      0.832,
      0.975,
      0.956,
      0.789,
      0.996,
      0.948,
      0.994,
      0.98,
      0.983,
      0.972,
      0.978,
      1.0,
      0.993,
      0.922,
      0.647,
      0.944,
      0.949,
      0.981,
      0.913,
      0.999,
      0.939,
      0.974,
      0.763,
      0.993,
      0.916,
      0.852,
      0.99,
      0.936,
      0.942,
      0.911,
      0.957
    ],
    [
      0.513,
      0.806,
      0.502,
      0.642,
      0.512,
      0.415,
      0.512,
      0.437,
      0.456,
      0.798,
      0.754,
      0.605,
      0.616,
      0.666,
      0.652,
      0.444,
      0.593,
      0.678,
      0.592,
      0.518,
      0.34,
      0.483,
      0.584,
      0.733,
      0.469,
      0.765,
      0.522,
      0.516,
      0.434,
      0.56,
      0.599,
      0.505,
      0.693
    ],
    [
      0.906,
      0.964,
      0.851,
      0.979,
      0.996,
      0.819,
      0.99,
      0.956,
      0.976,
      0.987,
      0.994,
      0.964,
      0.978,
      1.0,
      0.992,
      0.925,
      0.642,
      0.928,
      0.961,
      0.984,
      0.786,
      0.999,
      0.976,
      0.976,
      0.79,
      0.99,
      0.936,
      0.84,
      0.985,
      0.949,
      0.954,
      0.897,
      0.957
    ],
    [
      0.81,
      0.811,
      0.604,
      0.811,
      0.914,
      0.587,
      0.909,
      0.693,
      0.668,
      0.857,
      0.815,
      0.815,
      0.91,
      0.974,
      0.948,
      0.725,
      0.531,
      0.724,
      0.752,
      0.863,
      0.704,
      0.929,
      0.813,
      0.782,
      0.726,
      0.86,
      0.859,
      0.717,
      0.964,
      0.777,
      0.711,
      0.718,
      0.821
    ],
    [
      0.921,
      0.95,
      0.789,
      0.976,
      0.983,
      0.749,
      0.989,
      0.913,
      0.983,
      0.979,
      0.978,
      0.962,
      0.961,
      1.0,
      0.993,
      0.928,
      0.619,
      0.921,
      0.964,
      0.957,
      0.856,
      0.993,
      0.941,
      0.972,
      0.783,
      0.984,
      0.876,
      0.834,
      0.992,
      0.928,
      0.943,
      0.917,
      0.934
    ],
    [
      0.88,
      0.981,
      0.878,
      0.954,
      0.985,
      0.765,
      0.989,
      0.905,
      0.956,
      0.854,
      0.987,
      0.95,
      0.96,
      0.999,
      0.969,
      0.87,
      0.501,
      0.922,
      0.957,
      0.953,
      0.587,
      0.969,
      0.963,
      0.965,
      0.724,
      0.969,
      0.908,
      0.739,
      0.931,
      0.925,
      0.942,
      0.906,
      0.928
    ],
    [
      0.854,
      0.967,
      0.827,
      0.979,
      0.974,
      0.787,
      0.988,
      0.899,
      0.958,
      0.959,
      0.956,
      0.962,
      0.969,
      1.0,
      0.985,
      0.896,
      0.531,
      0.922,
      0.939,
      0.964,
      0.544,
      0.991,
      0.752,
      0.9,
      0.727,
      0.978,
      0.877,
      0.837,
      0.929,
      0.901,
      0.946,
      0.891,
      0.938
    ],
    [
      0.914,
      0.973,
      0.859,
      0.983,
      0.995,
      0.834,
      0.994,
      0.958,
      0.981,
      0.986,
      0.997,
      0.962,
      0.985,
      1.0,
      0.991,
      0.908,
      0.67,
      0.92,
      0.966,
      0.977,
      0.716,
      0.996,
      0.974,
      0.978,
      0.735,
      0.994,
      0.937,
      0.864,
      0.992,
      0.947,
      0.957,
      0.884,
      0.956
    ],
    [
      0.9,
      0.977,
      0.86,
      0.979,
      0.994,
      0.838,
      0.991,
      0.96,
      0.972,
      0.979,
      0.995,
      0.969,
      0.988,
      1.0,
      0.995,
      0.926,
      0.668,
      0.933,
      0.961,
      0.979,
      0.738,
      0.999,
      0.979,
      0.974,
      0.785,
      0.986,
      0.938,
      0.849,
      0.982,
      0.953,
      0.952,
      0.904,
      0.953
    ],
    [
      0.911,
      0.973,
      0.808,
      0.97,
      0.998,
      0.826,
      0.994,
      0.94,
      0.987,
      0.983,
      0.989,
      0.978,
      0.981,
      1.0,
      0.992,
      0.938,
      0.579,
      0.936,
      0.959,
      0.983,
      0.863,
      0.999,
      0.963,
      0.969,
      0.81,
      0.99,
      0.935,
      0.858,
      0.981,
      0.944,
      0.949,
      0.918,
      0.95
    ],
    [
      0.904,
      0.969,
      0.845,
      0.944,
      0.996,
      0.821,
      0.994,
      0.946,
      0.988,
      0.977,
      0.984,
      0.98,
      0.984,
      1.0,
      0.972,
      0.914,
      0.62,
      0.936,
      0.95,
      0.985,
      0.792,
      0.998,
      0.951,
      0.967,
      0.757,
      0.989,
      0.914,
      0.861,
      0.989,
      0.936,
      0.946,
      0.904,
      0.954
    ],
    [
      0.914,
      0.981,
      0.809,
      0.991,
      0.988,
      0.839,
      0.994,
      0.952,
      0.965,
      0.986,
      0.996,
      0.958,
      0.984,
      1.0,
      0.994,
      0.903,
      0.656,
      0.903,
      0.961,
      0.956,
      0.698,
      0.994,
      0.983,
      0.976,
      0.732,
      0.987,
      0.939,
      0.865,
      0.99,
      0.937,
      0.959,
      0.89,
      0.955
    ],
    [
      0.667,
      0.763,
      0.519,
      0.776,
      0.651,
      0.627,
      0.757,
      0.65,
      0.711,
      0.649,
      0.634,
      0.691,
      0.725,
      0.696,
      0.854,
      0.62,
      0.606,
      0.593,
      0.677,
      0.674,
      0.573,
      0.661,
      0.643,
      0.684,
      0.514,
      0.644,
      0.746,
      0.627,
      0.95,
      0.541,
      0.752,
      0.676,
      0.555
    ],
    [
      0.907,
      0.978,
      0.843,
      0.968,
      0.993,
      0.827,
      0.995,
      0.95,
      0.973,
      0.982,
      0.994,
      0.962,
      0.983,
      1.0,
      0.994,
      0.913,
      0.627,
      0.901,
      0.976,
      0.971,
      0.797,
      0.996,
      0.991,
      0.965,
      0.687,
      0.989,
      0.94,
      0.85,
      0.975,
      0.941,
      0.955,
      0.902,
      0.943
    ],
    [
      0.897,
      0.983,
      0.87,
      0.976,
      0.992,
      0.835,
      0.993,
      0.936,
      0.978,
      0.978,
      0.994,
      0.98,
      0.985,
      1.0,
      0.996,
      0.934,
      0.598,
      0.939,
      0.969,
      0.973,
