{
  "model": "meta-llama/Llama-3.2-3B",
  "peak_block": 9,
  "write_layer": 10,
  "early_block": 2,
  "dataset": "NeelNanda/counterfact-tracing",
  "revision": "c945b082ca08d0a8f3ba227fb78404a09614c36e",
  "seed": 9,
  "folds": 5,
  "k_relations": 8,
  "pairs_per_relation": 60,
  "templates": {
    "P103": "The mother tongue of {} is",
    "P1412": "The language used by {} is",
    "P176": "{}, developed by",
    "P27": "{} has a citizenship from",
    "P30": "{} belongs to the continent of",
    "P37": "In {}, an official language is",
    "P413": "{}, the",
    "P495": "{}, created in"
  },
  "decoding": {
    "delta_f": {
      "acc": 0.8270833333333333,
      "null_mean": 0.12458331882953644,
      "null_95": 0.15833333134651184,
      "p": 0.009900990099009901
    },
    "lexical": {
      "acc": 0.43125,
      "null_mean": 0.1261041760444641,
      "null_95": 0.16072914004325867,
      "p": 0.009900990099009901
    }
  },
  "identity_check_median": 8.383176464121789e-08,
  "cats": [
    "P103",
    "P1412",
    "P176",
    "P27",
    "P30",
    "P37",
    "P413",
    "P495"
  ],
  "cos_peak": [
    [
      1.0,
      0.365,
      0.405,
      0.646,
      -0.134,
      0.571,
      -0.004,
      0.598
    ],
    [
      0.365,
      1.0,
      0.241,
      0.372,
      -0.144,
      0.577,
      -0.012,
      0.322
    ],
    [
      0.405,
      0.241,
      1.0,
      0.461,
      0.005,
      0.375,
      0.032,
      0.527
    ],
    [
      0.646,
      0.372,
      0.461,
      1.0,
      -0.051,
      0.48,
      0.023,
      0.777
    ],
    [
      -0.134,
      -0.144,
      0.005,
      -0.051,
      1.0,
      -0.11,
      -0.072,
      -0.079
    ],
    [
      0.571,
      0.577,
      0.375,
      0.48,
      -0.11,
      1.0,
      -0.015,
      0.46
    ],
    [
      -0.004,
      -0.012,
      0.032,
      0.023,
      -0.072,
      -0.015,
      1.0,
      0.02
    ],
    [
      0.598,
      0.322,
      0.527,
      0.777,
      -0.079,
      0.46,
      0.02,
      1.0
    ]
  ],
  "cos_early": [
    [
      1.0,
      0.057,
      0.026,
      0.012,
      -0.078,
      0.271,
      -0.031,
      -0.054
    ],
    [
      0.057,
      1.0,
      -0.081,
      -0.133,
      0.031,
      -0.712,
      0.014,
      -0.107
    ],
    [
      0.026,
      -0.081,
      1.0,
      -0.007,
      -0.027,
      0.052,
      0.008,
      0.011
    ],
    [
      0.012,
      -0.133,
      -0.007,
      1.0,
      -0.069,
      0.162,
      -0.051,
      0.79
    ],
    [
      -0.078,
      0.031,
      -0.027,
      -0.069,
      1.0,
      -0.1,
      -0.022,
      -0.028
    ],
    [
      0.271,
      -0.712,
      0.052,
      0.162,
      -0.1,
      1.0,
      -0.039,
      0.072
    ],
    [
      -0.031,
      0.014,
      0.008,
      -0.051,
      -0.022,
      -0.039,
      1.0,
      -0.083
    ],
    [
      -0.054,
      -0.107,
      0.011,
      0.79,
      -0.028,
      0.072,
      -0.083,
      1.0
    ]
  ],
  "transfer": [
    [
      0.988,
      0.977,
      0.984,
      0.972,
      0.543,
      0.951,
      0.949,
      0.925
    ],
    [
      0.874,
      0.788,
      0.939,
      0.924,
      0.393,
      0.874,
      0.906,
      0.851
    ],
    [
      0.979,
      0.979,
      0.988,
      0.982,
      0.846,
      0.978,
      0.962,
      0.938
    ],
    [
      0.971,
      0.992,
      0.985,
      0.99,
      0.737,
      0.981,
      0.968,
      0.948
    ],
    [
      0.124,
      0.234,
      0.512,
      0.336,
      0.778,
      0.246,
      0.207,
      0.313
    ],
    [
      0.95,
      0.907,
      0.982,
      0.974,
      0.603,
      0.956,
      0.956,
      0.931
    ],
    [
      0.488,
      0.588,
      0.66,
      0.622,
      0.329,
      0.531,
      0.583,
      0.589
    ],
    [
      0.972,
      0.994,
      0.987,
      0.986,
      0.707,
      0.984,
      0.97,
      0.929
    ]
  ]
}