{
  "model": "meta-llama/Llama-3.2-3B",
  "peak_block": 9,
  "write_layer": 10,
  "early_block": 2,
  "dataset": "NeelNanda/counterfact-tracing",
  "revision": "c945b082ca08d0a8f3ba227fb78404a09614c36e",
  "seed": 8,
  "folds": 5,
  "k_relations": 8,
  "pairs_per_relation": 60,
  "templates": {
    "P103": "The mother tongue of {} is",
    "P1412": "The language used by {} is",
    "P176": "{}, developed by",
    "P27": "{} has a citizenship from",
    "P30": "{} belongs to the continent of",
    "P37": "In {}, an official language is",
    "P413": "{}, the",
    "P495": "{}, created in"
  },
  "decoding": {
    "delta_f": {
      "acc": 0.8291666666666667,
      "null_mean": 0.12179166078567505,
      "null_95": 0.15416666865348816,
      "p": 0.009900990099009901
    },
    "lexical": {
      "acc": 0.44583333333333336,
      "null_mean": 0.1224166676402092,
      "null_95": 0.156354159116745,
      "p": 0.009900990099009901
    }
  },
  "identity_check_median": 8.407177887193029e-08,
  "cats": [
    "P103",
    "P1412",
    "P176",
    "P27",
    "P30",
    "P37",
    "P413",
    "P495"
  ],
  "cos_peak": [
    [
      1.0,
      0.6,
      0.306,
      0.543,
      -0.151,
      0.427,
      -0.041,
      0.483
    ],
    [
      0.6,
      1.0,
      0.305,
      0.517,
      -0.188,
      0.428,
      -0.054,
      0.415
    ],
    [
      0.306,
      0.305,
      1.0,
      0.445,
      -0.015,
      0.386,
      -0.008,
      0.445
    ],
    [
      0.543,
      0.517,
      0.445,
      1.0,
      -0.078,
      0.529,
      0.006,
      0.726
    ],
    [
      -0.151,
      -0.188,
      -0.015,
      -0.078,
      1.0,
      -0.048,
      -0.055,
      -0.129
    ],
    [
      0.427,
      0.428,
      0.386,
      0.529,
      -0.048,
      1.0,
      0.026,
      0.484
    ],
    [
      -0.041,
      -0.054,
      -0.008,
      0.006,
      -0.055,
      0.026,
      1.0,
      0.003
    ],
    [
      0.483,
      0.415,
      0.445,
      0.726,
      -0.129,
      0.484,
      0.003,
      1.0
    ]
  ],
  "cos_early": [
    [
      1.0,
      0.007,
      -0.011,
      0.088,
      -0.063,
      -0.285,
      -0.023,
      0.056
    ],
    [
      0.007,
      1.0,
      -0.013,
      -0.114,
      -0.042,
      -0.562,
      -0.028,
      -0.094
    ],
    [
      -0.011,
      -0.013,
      1.0,
      0.095,
      -0.002,
      0.008,
      0.04,
      0.176
    ],
    [
      0.088,
      -0.114,
      0.095,
      1.0,
      -0.042,
      0.027,
      0.07,
      0.831
    ],
    [
      -0.063,
      -0.042,
      -0.002,
      -0.042,
      1.0,
      0.107,
      -0.014,
      -0.075
    ],
    [
      -0.285,
      -0.562,
      0.008,
      0.027,
      0.107,
      1.0,
      0.046,
      0.048
    ],
    [
      -0.023,
      -0.028,
      0.04,
      0.07,
      -0.014,
      0.046,
      1.0,
      0.033
    ],
    [
      0.056,
      -0.094,
      0.176,
      0.831,
      -0.075,
      0.048,
      0.033,
      1.0
    ]
  ],
  "transfer": [
    [
      0.94,
      0.94,
      0.972,
      0.913,
      0.476,
      0.915,
      0.86,
      0.925
    ],
    [
      0.94,
      0.881,
      0.971,
      0.931,
      0.414,
      0.871,
      0.824,
      0.922
    ],
    [
      0.977,
      0.981,
      0.989,
      0.967,
      0.816,
      0.973,
      0.919,
      0.938
    ],
    [
      0.981,
      0.991,
      0.978,
      0.965,
      0.648,
      0.979,
      0.926,
      0.94
    ],
    [
      0.104,
      0.177,
      0.46,
      0.317,
      0.729,
      0.308,
      0.236,
      0.229
    ],
    [
      0.967,
      0.996,
      0.976,
      0.971,
      0.741,
      0.985,
      0.922,
      0.953
    ],
    [
      0.373,
      0.426,
      0.399,
      0.521,
      0.348,
      0.551,
      0.447,
      0.485
    ],
    [
      0.98,
      0.993,
      0.975,
      0.966,
      0.547,
      0.98,
      0.929,
      0.915
    ]
  ]
}