{
 "model": null,
 "gauge": "eigen-consensus (leading eigenvector of cos matrix)",
 "thin_threshold": 0.1,
 "peak_block": null,
 "k_relations": 33,
 "pairs_per_relation": null,
 "cats": [
  "P101",
  "P103",
  "P106",
  "P108",
  "P127",
  "P1303",
  "P131",
  "P136",
  "P138",
  "P140",
  "P1412",
  "P159",
  "P17",
  "P176",
  "P178",
  "P19",
  "P190",
  "P20",
  "P27",
  "P276",
  "P30",
  "P36",
  "P364",
  "P37",
  "P39",
  "P407",
  "P413",
  "P449",
  "P463",
  "P495",
  "P641",
  "P740",
  "P937"
 ],
 "gauge_margins": [
  0.6156,
  0.8044,
  0.0387,
  0.2883,
  0.8464,
  0.0559,
  0.9507,
  0.1862,
  0.6605,
  0.561,
  0.7587,
  1.0,
  0.9448,
  0.8255,
  0.849,
  0.9102,
  0.1794,
  0.8606,
  0.9193,
  0.9883,
  -0.1069,
  0.7998,
  0.166,
  0.7936,
  0.0431,
  0.9269,
  0.1043,
  0.2255,
  0.2927,
  0.8973,
  0.7396,
  0.9159,
  0.8582
 ],
 "thin_categories": [
  "P106",
  "P1303",
  "P39"
 ],
 "flipped_vs_original": [
  "P30"
 ],
 "cos_peak": [
  [
   1.0,
   0.3805,
   -0.0631,
   0.0879,
   0.4158,
   0.0259,
   0.4579,
   0.2392,
   0.2465,
   0.2782,
   0.3953,
   0.3859,
   0.4417,
   0.3912,
   0.4709,
   0.3452,
   0.0497,
   0.3341,
   0.3879,
   0.4312,
   0.0845,
   0.3329,
   0.0082,
   0.359,
   0.0766,
   0.4096,
   0.0982,
   0.1043,
   0.2262,
   0.3713,
   0.4813,
   0.3606,
   0.366
  ],
  [
   0.3805,
   1.0,
   0.0542,
   0.2403,
   0.3959,
   0.0811,
   0.4826,
   0.1126,
   0.2669,
   0.3655,
   0.6897,
   0.5461,
   0.5863,
   0.4024,
   0.4498,
   0.616,
   0.1589,
   0.5008,
   0.6633,
   0.4766,
   0.1354,
   0.3652,
   -0.0458,
   0.5555,
   0.0079,
   0.7372,
   0.0019,
   0.1147,
   0.1601,
   0.5144,
   0.4189,
   0.5862,
   0.5812
  ],
  [
   -0.0631,
   0.0542,
   1.0,
   0.1271,
   0.0295,
   -0.0926,
   0.0197,
   -0.008,
   0.0104,
   -0.0006,
   0.0659,
   0.0413,
   0.0201,
   -0.0038,
   -0.0041,
   0.046,
   -0.0291,
   -0.0012,
   0.029,
   0.0193,
   0.0217,
   0.0121,
   -0.0287,
   0.0327,
   -0.0371,
   0.0504,
   -0.0976,
   0.0029,
   -0.0154,
   0.0263,
   0.0411,
   0.0209,
   0.0441
  ],
  [
   0.0879,
   0.2403,
   0.1271,
   1.0,
   0.2144,
   0.0262,
   0.1876,
   0.0059,
   0.1399,
   0.0852,
   0.1897,
   0.22,
   0.2001,
   0.149,
   0.1454,
   0.2647,
   0.0818,
   0.1313,
   0.2302,
   0.1403,
   0.0444,
   0.1307,
   -0.0372,
   0.1618,
   0.0682,
   0.1632,
   0.0292,
   0.0149,
   0.0706,
   0.1556,
   0.1504,
   0.1906,
   0.237
  ],
  [
   0.4158,
   0.3959,
   0.0295,
   0.2144,
   1.0,
   0.0199,
   0.6599,
   0.1328,
   0.5843,
   0.3035,
   0.3897,
   0.6313,
   0.5844,
   0.7529,
   0.7552,
   0.4787,
   0.1,
   0.4464,
   0.5041,
   0.7197,
   -0.0237,
   0.5516,
   0.0813,
   0.4527,
   -0.0051,
   0.5488,
   0.0309,
   0.133,
   0.242,
   0.5543,
   0.4542,
   0.5172,
   0.4648
  ],
  [
   0.0259,
   0.0811,
   -0.0926,
   0.0262,
   0.0199,
   1.0,
   -0.0035,
   0.003,
   -0.0152,
   0.0316,
   0.0959,
   0.0318,
   0.0249,
   0.027,
   0.0573,
   0.0196,
   0.0501,
   0.0561,
   0.0293,
   0.003,
   0.0161,
   -0.0008,
   -0.0767,
   0.076,
   -0.0394,
   0.0729,
   -0.0388,
   0.0522,
   0.0351,
   0.0133,
   0.0102,
   0.0176,
   0.0735
  ],
  [
   0.4579,
   0.4826,
   0.0197,
   0.1876,
   0.6599,
   -0.0035,
   1.0,
   0.1467,
   0.4464,
   0.3476,
   0.4373,
   0.7596,
   0.8536,
   0.6211,
   0.6247,
   0.634,
   0.1217,
   0.5806,
   0.6095,
   0.8212,
   0.0678,
   0.6497,
   0.1747,
   0.5346,
   0.0489,
   0.6069,
   0.097,
   0.1593,
   0.2514,
   0.6627,
   0.5306,
   0.6519,
   0.5485
  ],
  [
   0.2392,
   0.1126,
   -0.008,
   0.0059,
   0.1328,
   0.003,
   0.1467,
   1.0,
   0.0364,
   0.0905,
   0.1074,
   0.1327,
   0.1334,
   0.1181,
   0.1351,
   0.1137,
   -0.0415,
   0.0739,
   0.0717,
   0.1376,
   0.0219,
   0.1106,
   -0.0085,
   0.0893,
   0.0321,
   0.1164,
   0.0537,
   0.0117,
   0.0623,
   0.0968,
   0.1184,
   0.1035,
   0.1107
  ],
  [
   0.2465,
   0.2669,
   0.0104,
   0.1399,
   0.5843,
   -0.0152,
   0.4464,
   0.0364,
   1.0,
   0.2438,
   0.2707,
   0.5144,
   0.3614,
   0.5792,
   0.4943,
   0.3774,
   0.1197,
   0.3668,
   0.3968,
   0.6171,
   -0.0022,
   0.5319,
   0.1247,
   0.4124,
   0.0286,
   0.439,
   0.0239,
   0.0898,
   0.1153,
   0.4408,
   0.312,
   0.3711,
   0.3577
  ],
  [
   0.2782,
   0.3655,
   -0.0006,
   0.0852,
   0.3035,
   0.0316,
   0.3476,
   0.0905,
   0.2438,
   1.0,
   0.381,
   0.3652,
   0.3707,
   0.3451,
   0.3424,
   0.3143,
   -0.046,
   0.3576,
   0.4285,
   0.331,
   0.1169,
   0.2649,
   0.1179,
   0.4001,
   -0.0459,
   0.4621,
   0.0464,
   0.0074,
   0.1693,
   0.4072,
   0.3931,
   0.3319,
   0.3527
  ],
  [
   0.3953,
   0.6897,
   0.0659,
   0.1897,
   0.3897,
   0.0959,
   0.4373,
   0.1074,
   0.2707,
   0.381,
   1.0,
   0.5066,
   0.5001,
   0.3767,
   0.4178,
   0.4845,
   0.0837,
   0.4637,
   0.625,
   0.4662,
   0.1539,
   0.3237,
   -0.2947,
   0.6219,
   0.0551,
   0.701,
   0.0146,
   0.1371,
   0.1077,
   0.5246,
   0.4241,
   0.4503,
   0.6242
  ],
  [
   0.3859,
   0.5461,
   0.0413,
   0.22,
   0.6313,
   0.0318,
   0.7596,
   0.1327,
   0.5144,
   0.3652,
   0.5066,
   1.0,
   0.7013,
   0.5765,
   0.6188,
   0.8043,
   0.1573,
   0.7249,
   0.6562,
   0.8248,
   0.0895,
   0.6769,
   0.1378,
   0.5681,
   -0.002,
   0.6571,
   0.0871,
   0.1702,
   0.2051,
   0.6623,
   0.495,
   0.8398,
   0.707
  ],
  [
   0.4417,
   0.5863,
   0.0201,
   0.2001,
   0.5844,
   0.0249,
   0.8536,
   0.1334,
   0.3614,
   0.3707,
   0.5001,
   0.7013,
   1.0,
   0.5605,
   0.5867,
   0.6269,
   0.154,
   0.5978,
   0.7032,
   0.7276,
   0.1048,
   0.5885,
   0.1376,
   0.5381,
   0.0634,
   0.6557,
   0.1013,
   0.1425,
   0.2022,
   0.7157,
   0.566,
   0.6545,
   0.5343
  ],
  [
   0.3912,
   0.4024,
   -0.0038,
   0.149,
   0.7529,
   0.027,
   0.6211,
   0.1181,
   0.5792,
   0.3451,
   0.3767,
   0.5765,
   0.5605,
   1.0,
   0.7789,
   0.4639,
   0.0801,
   0.4471,
   0.512,
   0.6946,
   0.0052,
   0.5106,
   0.1122,
   0.4044,
   0.0406,
   0.5587,
   0.0639,
   0.1447,
   0.2053,
   0.5112,
   0.5186,
   0.493,
   0.4232
  ],
  [
   0.4709,
   0.4498,
   -0.0041,
   0.1454,
   0.7552,
   0.0573,
   0.6247,
   0.1351,
   0.4943,
   0.3424,
   0.4178,
   0.6188,
   0.5867,
   0.7789,
   1.0,
   0.4777,
   0.0698,
   0.4497,
   0.5182,
   0.6709,
   0.0534,
   0.4999,
   0.0625,
   0.4386,
   -0.0192,
   0.5799,
   0.0238,
   0.1886,
   0.2318,
   0.5424,
   0.5363,
   0.5362,
   0.4583
  ],
  [
   0.3452,
   0.616,
   0.046,
   0.2647,
   0.4787,
   0.0196,
   0.634,
   0.1137,
   0.3774,
   0.3143,
   0.4845,
   0.8043,
   0.6269,
   0.4639,
   0.4777,
   1.0,
   0.2316,
   0.7345,
   0.6907,
   0.6443,
   0.077,
   0.5767,
   0.1797,
   0.4749,
   0.0255,
   0.5608,
   0.1069,
   0.1479,
   0.1669,
   0.562,
   0.4554,
   0.8349,
   0.7336
  ],
  [
   0.0497,
   0.1589,
   -0.0291,
   0.0818,
   0.1,
   0.0501,
   0.1217,
   -0.0415,
   0.1197,
   -0.046,
   0.0837,
   0.1573,
   0.154,
   0.0801,
   0.0698,
   0.2316,
   1.0,
   0.1639,
   0.1258,
   0.131,
   0.0659,
   0.1427,
   -0.0507,
   0.1031,
   -0.0133,
   0.1045,
   0.0429,
   0.0016,
   0.0733,
   -0.0437,
   0.0873,
   0.224,
   -0.0036
  ],
  [
   0.3341,
   0.5008,
   -0.0012,
   0.1313,
   0.4464,
   0.0561,
   0.5806,
   0.0739,
   0.3668,
   0.3576,
   0.4637,
   0.7249,
   0.5978,
   0.4471,
   0.4497,
   0.7345,
   0.1639,
   1.0,
   0.6612,
   0.655,
   0.0419,
   0.5223,
   0.266,
   0.4855,
   -0.0229,
   0.5657,
   0.0692,
   0.1334,
   0.1527,
   0.5801,
   0.4236,
   0.7098,
   0.6671
  ],
  [
   0.3879,
   0.6633,
   0.029,
   0.2302,
   0.5041,
   0.0293,
   0.6095,
   0.0717,
   0.3968,
   0.4285,
   0.625,
   0.6562,
   0.7032,
   0.512,
   0.5182,
   0.6907,
   0.1258,
   0.6612,
   1.0,
   0.6051,
   0.094,
   0.4535,
   0.1659,
   0.5508,
   0.0264,
   0.6599,
   0.0604,
   0.1528,
   0.1363,
   0.7492,
   0.5222,
   0.6349,
   0.6517
  ],
  [
   0.4312,
   0.4766,
   0.0193,
   0.1403,
   0.7197,
   0.003,
   0.8212,
   0.1376,
   0.6171,
   0.331,
   0.4662,
   0.8248,
   0.7276,
   0.6946,
   0.6709,
   0.6443,
   0.131,
   0.655,
   0.6051,
   1.0,
   0.0446,
   0.7128,
   0.1753,
   0.5563,
   0.0412,
   0.6757,
   0.063,
   0.1931,
   0.2231,
   0.6818,
   0.5288,
   0.6897,
   0.5851
  ],
  [
   0.0845,
   0.1354,
   0.0217,
   0.0444,
   -0.0237,
   0.0161,
   0.0678,
   0.0219,
   -0.0022,
   0.1169,
   0.1539,
   0.0895,
   0.1048,
   0.0052,
   0.0534,
   0.077,
   0.0659,
   0.0419,
   0.094,
   0.0446,
   1.0,
   -0.001,
   -0.0888,
   0.087,
   0.0432,
   0.0873,
   0.0585,
   0.071,
   0.0167,
   0.0334,
   0.0102,
   0.0644,
   0.091
  ],
  [
   0.3329,
   0.3652,
   0.0121,
   0.1307,
   0.5516,
   -0.0008,
   0.6497,
   0.1106,
   0.5319,
   0.2649,
   0.3237,
   0.6769,
   0.5885,
   0.5106,
   0.4999,
   0.5767,
   0.1427,
   0.5223,
   0.4535,
   0.7128,
   -0.001,
   1.0,
   0.1605,
   0.5051,
   0.1135,
   0.5052,
   0.0919,
   0.1069,
   0.1853,
   0.4765,
   0.3862,
   0.5305,
   0.4907
  ],
  [
   0.0082,
   -0.0458,
   -0.0287,
   -0.0372,
   0.0813,
   -0.0767,
   0.1747,
   -0.0085,
   0.1247,
   0.1179,
   -0.2947,
   0.1378,
   0.1376,
   0.1122,
   0.0625,
   0.1797,
   -0.0507,
   0.266,
   0.1659,
   0.1753,
   -0.0888,
   0.1605,
   1.0,
   0.055,
   -0.0272,
   0.0732,
   0.0629,
   -0.0297,
   -0.0,
   0.1804,
   0.1213,
   0.1716,
   0.0433
  ],
  [
   0.359,
   0.5555,
   0.0327,
   0.1618,
   0.4527,
   0.076,
   0.5346,
   0.0893,
   0.4124,
   0.4001,
   0.6219,
   0.5681,
   0.5381,
   0.4044,
   0.4386,
   0.4749,
   0.1031,
   0.4855,
   0.5508,
   0.5563,
   0.087,
   0.5051,
   0.055,
   1.0,
   0.0384,
   0.7311,
   0.0297,
   0.1372,
   0.1636,
   0.5162,
   0.3858,
   0.4686,
   0.5356
  ],
  [
   0.0766,
   0.0079,
   -0.0371,
   0.0682,
   -0.0051,
   -0.0394,
   0.0489,
   0.0321,
   0.0286,
   -0.0459,
   0.0551,
   -0.002,
   0.0634,
   0.0406,
   -0.0192,
   0.0255,
   -0.0133,
   -0.0229,
   0.0264,
   0.0412,
   0.0432,
   0.1135,
   -0.0272,
   0.0384,
   1.0,
   0.0119,
   0.1248,
   0.0225,
   -0.0295,
   0.0078,
   0.0193,
   -0.0054,
   0.051
  ],
  [
   0.4096,
   0.7372,
   0.0504,
   0.1632,
   0.5488,
   0.0729,
   0.6069,
   0.1164,
   0.439,
   0.4621,
   0.701,
   0.6571,
   0.6557,
   0.5587,
   0.5799,
   0.5608,
   0.1045,
   0.5657,
   0.6599,
   0.6757,
   0.0873,
   0.5052,
   0.0732,
   0.7311,
   0.0119,
   1.0,
   0.0445,
   0.1347,
   0.1824,
   0.6775,
   0.4829,
   0.5886,
   0.5762
  ],
  [
   0.0982,
   0.0019,
   -0.0976,
   0.0292,
   0.0309,
   -0.0388,
   0.097,
   0.0537,
   0.0239,
   0.0464,
   0.0146,
   0.0871,
   0.1013,
   0.0639,
   0.0238,
   0.1069,
   0.0429,
   0.0692,
   0.0604,
   0.063,
   0.0585,
   0.0919,
   0.0629,
   0.0297,
   0.1248,
   0.0445,
   1.0,
   -0.0729,
   0.0502,
   0.0604,
   0.0775,
   0.0929,
   0.0698
  ],
  [
   0.1043,
   0.1147,
   0.0029,
   0.0149,
   0.133,
   0.0522,
   0.1593,
   0.0117,
   0.0898,
   0.0074,
   0.1371,
   0.1702,
   0.1425,
   0.1447,
   0.1886,
   0.1479,
   0.0016,
   0.1334,
   0.1528,
   0.1931,
   0.071,
   0.1069,
   -0.0297,
   0.1372,
   0.0225,
   0.1347,
   -0.0729,
   1.0,
   0.0337,
   0.1507,
   0.1277,
   0.1472,
   0.1641
  ],
  [
   0.2262,
   0.1601,
   -0.0154,
   0.0706,
   0.242,
   0.0351,
   0.2514,
   0.0623,
   0.1153,
   0.1693,
   0.1077,
   0.2051,
   0.2022,
   0.2053,
   0.2318,
   0.1669,
   0.0733,
   0.1527,
   0.1363,
   0.2231,
   0.0167,
   0.1853,
   -0.0,
   0.1636,
   -0.0295,
   0.1824,
   0.0502,
   0.0337,
   1.0,
   0.1196,
   0.1909,
   0.1889,
   0.0941
  ],
  [
   0.3713,
   0.5144,
   0.0263,
   0.1556,
   0.5543,
   0.0133,
   0.6627,
   0.0968,
   0.4408,
   0.4072,
   0.5246,
   0.6623,
   0.7157,
   0.5112,
   0.5424,
   0.562,
   -0.0437,
   0.5801,
   0.7492,
   0.6818,
   0.0334,
   0.4765,
   0.1804,
   0.5162,
   0.0078,
   0.6775,
   0.0604,
   0.1507,
   0.1196,
   1.0,
   0.5163,
   0.6209,
   0.6159
  ],
  [
   0.4813,
   0.4189,
   0.0411,
   0.1504,
   0.4542,
   0.0102,
   0.5306,
   0.1184,
   0.312,
   0.3931,
   0.4241,
   0.495,
   0.566,
   0.5186,
   0.5363,
   0.4554,
   0.0873,
   0.4236,
   0.5222,
   0.5288,
   0.0102,
   0.3862,
   0.1213,
   0.3858,
   0.0193,
   0.4829,
   0.0775,
   0.1277,
   0.1909,
   0.5163,
   1.0,
   0.4893,
   0.4271
  ],
  [
   0.3606,
   0.5862,
   0.0209,
   0.1906,
   0.5172,
   0.0176,
   0.6519,
   0.1035,
   0.3711,
   0.3319,
   0.4503,
   0.8398,
   0.6545,
   0.493,
   0.5362,
   0.8349,
   0.224,
   0.7098,
   0.6349,
   0.6897,
   0.0644,
   0.5305,
   0.1716,
   0.4686,
   -0.0054,
   0.5886,
   0.0929,
   0.1472,
   0.1889,
   0.6209,
   0.4893,
   1.0,
   0.6296
  ],
  [
   0.366,
   0.5812,
   0.0441,
   0.237,
   0.4648,
   0.0735,
   0.5485,
   0.1107,
   0.3577,
   0.3527,
   0.6242,
   0.707,
   0.5343,
   0.4232,
   0.4583,
   0.7336,
   -0.0036,
   0.6671,
   0.6517,
   0.5851,
   0.091,
   0.4907,
   0.0433,
   0.5356,
   0.051,
   0.5762,
   0.0698,
   0.1641,
   0.0941,
   0.6159,
   0.4271,
   0.6296,
   1.0
  ]
 ],
 "cos_early": [
  [
   1.0000008344650269,
   0.011907549574971199,
   -0.05461308732628822,
   -0.008066324517130852,
   -0.00785253569483757,
   0.05655556172132492,
   0.026064185425639153,
   -0.017150647938251495,
   -0.07295379787683487,
   0.037809647619724274,
   0.08267492800951004,
   0.019276298582553864,
   0.02853027731180191,
   0.011101899668574333,
   -0.001744256354868412,
   -0.09785527735948563,
   0.040157828480005264,
   -0.12306854128837585,
   -0.04824548214673996,
   -0.02567993849515915,
   -0.040352486073970795,
   -0.045186154544353485,
   -0.0871972143650055,
   -0.06565161794424057,
   -0.013919137418270111,
   -0.018655704334378242,
   -0.017335377633571625,
   0.006315641105175018,
   0.043331604450941086,
   -0.024297457188367844,
   -0.012237008661031723,
   0.030894499272108078,
   -0.02309494838118553
  ],
  [
   0.011907549574971199,
   1.0000004768371582,
   0.011883762665092945,
   0.05182585492730141,
   0.013938335701823235,
   -0.021007178351283073,
   -0.04364852234721184,
   0.06190776079893112,
   -0.25575917959213257,
   0.005626020021736622,
   0.08265523612499237,
   0.029733523726463318,
   0.12416037172079086,
   0.05347152054309845,
   0.08924101293087006,
   -0.3353783190250397,
   0.029860420152544975,
   -0.42514485120773315,
   -0.04695425182580948,
   0.0320298969745636,
   -0.060596443712711334,
   -0.024995259940624237,
   -0.14595800638198853,
   -0.18088842928409576,
   -0.045921456068754196,
   -0.8960253596305847,
   -0.03058547154068947,
   -0.00608745776116848,
   0.06329777836799622,
   0.03133682161569595,
   -0.02405110001564026,
   0.08746980130672455,
   -0.08785269409418106
  ],
  [
   -0.05461308732628822,
   0.011883762665092945,
   0.999999463558197,
   0.03319805860519409,
   -0.01647508144378662,
   -0.02858850732445717,
   -0.0017089592292904854,
   -0.04050402343273163,
   -0.029723789542913437,
   0.013062071055173874,
   0.047897327691316605,
   -0.029505908489227295,
   -0.0824158638715744,
   -0.010881287977099419,
   0.05909508839249611,
   0.021797535941004753,
   -0.07097122073173523,
   0.014461078681051731,
   -0.0590783953666687,
   0.03460302948951721,
   0.00019234512001276016,
   0.04013219475746155,
   0.02710839733481407,
   -0.07076025009155273,
   -0.013749789446592331,
   -0.019123684614896774,
   -0.011737504974007607,
   -0.002964196726679802,
   -0.037638694047927856,
   -0.0200098417699337,
   0.038095347583293915,
   -0.039833780378103256,
   -0.018412819132208824
  ],
  [
   -0.008066324517130852,
   0.05182585492730141,
   0.03319805860519409,
   0.9999995827674866,
   0.28779757022857666,
   0.02157367765903473,
   -0.0903254896402359,
   -0.006808986887335777,
   0.053329166024923325,
   -0.018590319901704788,
   0.0727929174900055,
   0.15683987736701965,
   0.023573216050863266,
   0.08453229069709778,
   0.07921210676431656,
   -0.05308053269982338,
   0.03128261864185333,
   -0.060212209820747375,
   -0.0019247508607804775,
   -0.08020175248384476,
   -0.027530670166015625,
   -0.05628648400306702,
   -0.08017294853925705,
   -0.06716816127300262,
   0.023539645597338676,
   -0.05578933656215668,
   0.02343534305691719,
   0.06817565858364105,
   -0.05649897828698158,
   0.06297650933265686,
   -0.01716236025094986,
   0.14097341895103455,
   0.16926497220993042
  ],
  [
   -0.00785253569483757,
   0.013938335701823235,
   -0.01647508144378662,
   0.28779757022857666,
   1.0,
   0.017924442887306213,
   -0.0584636926651001,
   -0.0052566928789019585,
   0.1031566709280014,
   -0.050821978598833084,
   -0.12505990266799927,
   -0.003521369770169258,
   0.12714660167694092,
   0.01226022094488144,
   -0.04876399785280228,
   -0.03054453805088997,
   0.09952753782272339,
   -0.025796793401241302,
   0.09768326580524445,
   -0.043308138847351074,
   0.006898167543113232,
   -0.11726920306682587,
   0.0759136751294136,
   0.13332748413085938,
   0.045957326889038086,
   -0.013796234503388405,
   0.04971536993980408,
   -0.04372560232877731,
   -0.03780301287770271,
   0.04645366966724396,
   -0.014764276333153248,
   0.020349113270640373,
   -0.04669451713562012
  ],
  [
   0.05655556172132492,
   -0.021007178351283073,
   -0.02858850732445717,
   0.02157367765903473,
   0.017924442887306213,
   0.9999998211860657,
   0.01880309358239174,
   -0.053237348794937134,
   0.004265323281288147,
   -0.005602523684501648,
   0.017148911952972412,
   0.021259572356939316,
   0.007304535247385502,
   0.03428398445248604,
   -0.026956481859087944,
   -0.04301130026578903,
   0.05922120809555054,
   -0.0037023238837718964,
   -0.00564703531563282,
   -0.017439115792512894,
   0.01110807154327631,
   -0.013400660827755928,
   -0.01589399203658104,
   -0.012242864817380905,
   -0.03210537135601044,
   0.016817044466733932,
   0.0018625380471348763,
   0.049443893134593964,
   -0.007936115376651287,
   -0.03253782168030739,
   -0.013926227577030659,
   0.024469347670674324,
   0.02134762704372406
  ],
  [
   0.026064185425639153,
   -0.04364852234721184,
   -0.0017089592292904854,
   -0.0903254896402359,
   -0.0584636926651001,
   0.01880309358239174,
   1.000000238418579,
   0.0693284347653389,
   -0.08609656244516373,
   -0.03365352749824524,
   0.02323019690811634,
   -0.11595961451530457,
   -0.04387616738677025,
   -0.01442822813987732,
   -0.03473995625972748,
   0.32256877422332764,
   -0.17267748713493347,
   0.12252963334321976,
   -0.0963219627737999,
   0.19561006128787994,
   0.06395290046930313,
   0.11361853778362274,
   -0.02812575176358223,
   -0.012838263064622879,
   0.02876453474164009,
   0.02983928471803665,
   -0.09556157886981964,
   0.055584028363227844,
   -0.07193298637866974,
   0.11185057461261749,
   -0.04557473212480545,
   -0.2855750024318695,
   0.07258987426757812
  ],
  [
   -0.017150647938251495,
   0.06190776079893112,
   -0.04050402343273163,
   -0.006808986887335777,
   -0.0052566928789019585,
   -0.053237348794937134,
   0.0693284347653389,
   1.0000003576278687,
   -0.0018667131662368774,
   -0.015410291031002998,
   0.0034998939372599125,
   0.04363013803958893,
   -0.008174009621143341,
   -0.020732268691062927,
   -0.0022727111354470253,
   0.0008908528834581375,
   -0.09426955878734589,
   -0.046478621661663055,
   -0.07428382337093353,
   -0.011836254969239235,
   -0.014350304380059242,
   -0.06569954007863998,
   0.012402400374412537,
   -0.028935745358467102,
   0.07084833085536957,
   -0.057960204780101776,
   -0.0017631025984883308,
   0.003627108410000801,
   0.012347150593996048,
   -0.051537249237298965,
   -0.0062355357222259045,
   0.030907217413187027,
   0.05672924965620041
  ],
  [
   -0.07295379787683487,
   -0.25575917959213257,
   -0.029723789542913437,
   0.053329166024923325,
   0.1031566709280014,
   0.004265323281288147,
   -0.08609656244516373,
   -0.0018667131662368774,
   1.000000238418579,
   0.019711729139089584,
   0.008481972850859165,
   0.06489312648773193,
   -0.13486069440841675,
   0.019880052655935287,
   -0.026072070002555847,
   0.15333929657936096,
   -0.10380153357982635,
   0.06589692831039429,
   0.0029286551289260387,
   -0.5159006714820862,
   0.055502161383628845,
   -0.05969902127981186,
   0.07426121830940247,
   0.02743641473352909,
   0.04875187203288078,
   0.23243348300457,
   0.02956276759505272,
   0.012369601987302303,
   -0.010999992489814758,
   0.06298623979091644,
   0.011328202672302723,
   0.011904831975698471,
   0.15158048272132874
  ],
  [
   0.037809647619724274,
   0.005626020021736622,
   0.013062071055173874,
   -0.018590319901704788,
   -0.050821978598833084,
   -0.005602523684501648,
   -0.03365352749824524,
   -0.015410291031002998,
   0.019711729139089584,
   1.0,
   -0.005379036068916321,
   0.029562760144472122,
   -0.11248438060283661,
   0.02879275567829609,
   0.043749019503593445,
   -0.06313210725784302,
   -0.04387478530406952,
   -0.05402576923370361,
   -0.014675860293209553,
   0.02483229711651802,
   -0.09361952543258667,
   0.11378534883260727,
   0.004029484465718269,
   -0.014960091561079025,
   -0.05044355243444443,
   -0.02203068695962429,
   -0.005533352494239807,
   -0.056350450962781906,
   0.009835881181061268,
   -0.06937816739082336,
   0.05101306736469269,
   0.0392640046775341,
   -0.0019173817709088326
  ],
  [
   0.08267492800951004,
   0.08265523612499237,
   0.047897327691316605,
   0.0727929174900055,
   -0.12505990266799927,
   0.017148911952972412,
   0.02323019690811634,
   0.0034998939372599125,
   0.008481972850859165,
   -0.005379036068916321,
   1.0000001192092896,
   0.22964642941951752,
   -0.023628510534763336,
   0.041759368032217026,
   0.047115202993154526,
   -0.0038980389945209026,
   -0.050027985125780106,
   -0.024770664051175117,
   -0.16200366616249084,
   -0.06546196341514587,
   -0.05621591582894325,
   -0.008957529440522194,
   -0.7660282850265503,
   -0.8612827658653259,
   0.04995349794626236,
   -0.18139398097991943,
   -0.03312048316001892,
   0.0183478482067585,
   -0.007509193848818541,
   0.08268575370311737,
   -0.015258417464792728,
   0.16541048884391785,
   0.3142801523208618
  ],
  [
   0.019276298582553864,
   0.029733523726463318,
   -0.029505908489227295,
   0.15683987736701965,
   -0.003521369770169258,
   0.021259572356939316,
   -0.11595961451530457,
   0.04363013803958893,
   0.06489312648773193,
   0.029562760144472122,
   0.22964642941951752,
   0.9999999403953552,
   -0.02881598472595215,
   0.04913227632641792,
   0.004712512716650963,
   -0.3741689920425415,
   -0.03133220598101616,
   -0.330638587474823,
   -0.3082519471645355,
   -0.24201655387878418,
   -0.12749457359313965,
   -0.24023135006427765,
   -0.25259342789649963,
   -0.25204285979270935,
   -0.0008800039067864418,
   -0.028705868870019913,
   -0.008093118667602539,
   0.0011423919349908829,
   -0.01795893721282482,
   0.029384559020400047,
   -0.00266212597489357,
   0.8046857714653015,
   0.746608555316925
  ],
  [
   0.02853027731180191,
   0.12416037172079086,
   -0.0824158638715744,
   0.023573216050863266,
   0.12714660167694092,
   0.007304535247385502,
   -0.04387616738677025,
   -0.008174009621143341,
   -0.13486069440841675,
   -0.11248438060283661,
   -0.023628510534763336,
   -0.02881598472595215,
   1.0000009536743164,
   0.18533842265605927,
   -0.048763126134872437,
   -0.21283233165740967,
   0.3534889817237854,
   -0.03946579247713089,
   0.23754644393920898,
   0.06182372197508812,
   -0.06796465069055557,
   -0.4124000668525696,
   -0.14057010412216187,
   0.06710926443338394,
   -0.043729256838560104,
   -0.1758957952260971,
   0.020191967487335205,
   0.02125534601509571,
   0.015656551346182823,
   -0.21350768208503723,
   -0.014294177293777466,
   0.11862362921237946,
   -0.13495413959026337
  ],
  [
   0.011101899668574333,
   0.05347152054309845,
   -0.010881287977099419,
   0.08453229069709778,
   0.01226022094488144,
   0.03428398445248604,
   -0.01442822813987732,
   -0.020732268691062927,
   0.019880052655935287,
   0.02879275567829609,
   0.041759368032217026,
   0.04913227632641792,
   0.18533842265605927,
   0.9999997615814209,
   0.132511168718338,
   -0.05421388894319534,
   0.08359764516353607,
   -0.017104055732488632,
   0.09651145339012146,
   0.0016416008584201336,
   -0.05306161940097809,
   -0.17154055833816528,
   -0.08390864729881287,
   -0.0395234078168869,
   -0.047234032303094864,
   -0.06270807981491089,
   -0.0011176783591508865,
   -0.007354672532528639,
   -0.01607752963900566,
   0.08227375149726868,
   -0.02870493195950985,
   0.04756433144211769,
   -0.0038356625009328127
  ],
  [
   -0.001744256354868412,
   0.08924101293087006,
   0.05909508839249611,
   0.07921210676431656,
   -0.04876399785280228,
   -0.026956481859087944,
   -0.03473995625972748,
   -0.0022727111354470253,
   -0.026072070002555847,
   0.043749019503593445,
   0.047115202993154526,
   0.004712512716650963,
   -0.048763126134872437,
   0.132511168718338,
   0.9999998807907104,
   -0.024069717153906822,
   -0.022544756531715393,
   -0.055726852267980576,
   -0.007006988860666752,
   0.015745410695672035,
   -0.0020392388105392456,
   0.02326260693371296,
   -0.04270939528942108,
   -0.06530003994703293,
   -0.043314412236213684,
   -0.06982547789812088,
   -0.04392826184630394,
   0.01739814504981041,
   -0.07760467380285263,
   0.06145261973142624,
   -0.04638439789414406,
   0.004384495317935944,
   -0.007313010282814503
  ],
  [
   -0.09785527735948563,
   -0.3353783190250397,
   0.021797535941004753,
   -0.05308053269982338,
   -0.03054453805088997,
   -0.04301130026578903,
   0.32256877422332764,
   0.0008908528834581375,
   0.15333929657936096,
   -0.06313210725784302,
   -0.0038980389945209026,
   -0.3741689920425415,
   -0.21283233165740967,
   -0.05421388894319534,
   -0.024069717153906822,
   0.9999995231628418,
   -0.34048643708229065,
   0.7240475416183472,
   -0.05443614348769188,
   0.02198880910873413,
   0.12090889364480972,
   0.2885085642337799,
   0.166825070977211,
   0.040152937173843384,
   0.10384917259216309,
   0.28301170468330383,
   -0.00542845856398344,
   0.007836097851395607,
   -0.06095912680029869,
   0.17346955835819244,
   0.03932341933250427,
   -0.5962785482406616,
   0.027962377294898033
  ],
  [
   0.040157828480005264,
   0.029860420152544975,
   -0.07097122073173523,
   0.03128261864185333,
   0.09952753782272339,
   0.05922120809555054,
   -0.17267748713493347,
   -0.09426955878734589,
   -0.10380153357982635,
   -0.04387478530406952,
   -0.050027985125780106,
   -0.03133220598101616,
   0.3534889817237854,
   0.08359764516353607,
   -0.022544756531715393,
   -0.34048643708229065,
   1.000000238418579,
   -0.034647051244974136,
   0.2700318396091461,
   0.08722439408302307,
   0.000939713791012764,
   -0.2617948651313782,
   -0.1303139626979828,
   0.09449136257171631,
   -0.05316580832004547,
   -0.03662633150815964,
   0.07167157530784607,
   -0.016981951892375946,
   -0.0013658474199473858,
   -0.12339802086353302,
   0.001446572132408619,
   0.16609278321266174,
   -0.20557419955730438
  ],
  [
   -0.12306854128837585,
   -0.42514485120773315,
   0.014461078681051731,
   -0.060212209820747375,
   -0.025796793401241302,
   -0.0037023238837718964,
   0.12252963334321976,
   -0.046478621661663055,
   0.06589692831039429,
   -0.05402576923370361,
   -0.024770664051175117,
   -0.330638587474823,
   -0.03946579247713089,
   -0.017104055732488632,
   -0.055726852267980576,
   0.7240475416183472,
   -0.034647051244974136,
   1.0000003576278687,
   0.09619159996509552,
   0.20367363095283508,
   0.11121082305908203,
   0.1704755425453186,
   0.11878155171871185,
   0.06127382814884186,
   -0.026449047029018402,
   0.34633708000183105,
   0.04144487902522087,
   -0.024922015145421028,
   -0.0370679572224617,
   0.006937490776181221,
   0.03287160396575928,
   -0.36311429738998413,
   0.05200628191232681
  ],
  [
   -0.04824548214673996,
   -0.04695425182580948,
   -0.0590783953666687,
   -0.0019247508607804775,
   0.09768326580524445,
   -0.00564703531563282,
   -0.0963219627737999,
   -0.07428382337093353,
   0.0029286551289260387,
   -0.014675860293209553,
   -0.16200366616249084,
   -0.3082519471645355,
   0.23754644393920898,
   0.09651145339012146,
   -0.007006988860666752,
   -0.05443614348769188,
   0.2700318396091461,
   0.09619159996509552,
   1.000000238418579,
   0.14107641577720642,
   0.16875898838043213,
   0.0038045505061745644,
   0.0887763574719429,
   0.2082376927137375,
   -0.000494255218654871,
   0.014924328774213791,
   0.044409237802028656,
   -0.029722042381763458,
   0.013560062274336815,
   0.10966955125331879,
   0.02135317027568817,
   -0.18910247087478638,
   -0.2940046787261963
  ],
  [
   -0.02567993849515915,
   0.0320298969745636,
   0.03460302948951721,
   -0.08020175248384476,
   -0.043308138847351074,
   -0.017439115792512894,
   0.19561006128787994,
   -0.011836254969239235,
   -0.5159006714820862,
   0.02483229711651802,
   -0.06546196341514587,
   -0.24201655387878418,
   0.06182372197508812,
   0.0016416008584201336,
   0.015745410695672035,
   0.02198880910873413,
   0.08722439408302307,
   0.20367363095283508,
   0.14107641577720642,
   1.0000001192092896,
   -0.05047918111085892,
   0.2883564829826355,
   0.027911078184843063,
   0.02803821675479412,
   -0.07352742552757263,
   -0.05340738594532013,
   -0.009322003461420536,
   -0.03273721784353256,
   -0.006734861060976982,
   -0.14580115675926208,
   -0.08043157309293747,
   -0.1886768639087677,
   -0.24202318489551544
  ],
  [
   -0.040352486073970795,
   -0.060596443712711334,
   0.00019234512001276016,
   -0.027530670166015625,
   0.006898167543113232,
   0.01110807154327631,
   0.06395290046930313,
   -0.014350304380059242,
   0.055502161383628845,
   -0.09361952543258667,
   -0.05621591582894325,
   -0.12749457359313965,
   -0.06796465069055557,
   -0.05306161940097809,
   -0.0020392388105392456,
   0.12090889364480972,
   0.000939713791012764,
   0.11121082305908203,
   0.16875898838043213,
   -0.05047918111085892,
   0.9999999403953552,
   0.09661319851875305,
   0.05642909184098244,
   0.07568234950304031,
   -0.017047151923179626,
   0.051718369126319885,
   -0.01344259548932314,
   -0.02870933711528778,
   -0.034996189177036285,
   0.06646513938903809,
   0.009482409805059433,
   -0.11918000131845474,
   -0.04658696800470352
  ],
  [
   -0.045186154544353485,
   -0.024995259940624237,
   0.04013219475746155,
   -0.05628648400306702,
   -0.11726920306682587,
   -0.013400660827755928,
   0.11361853778362274,
   -0.06569954007863998,
   -0.05969902127981186,
   0.11378534883260727,
   -0.008957529440522194,
   -0.24023135006427765,
   -0.4124000668525696,
   -0.17154055833816528,
   0.02326260693371296,
   0.2885085642337799,
   -0.2617948651313782,
   0.1704755425453186,
   0.0038045505061745644,
   0.2883564829826355,
   0.09661319851875305,
   1.000000238418579,
   0.14736345410346985,
   -0.013534273952245712,
   0.001535113900899887,
   0.060194503515958786,
   -0.06034625694155693,
   0.004946478176862001,
   -0.05332941934466362,
   0.031184082850813866,
   -0.011312758550047874,
   -0.3469292223453522,
   -0.07601886242628098
  ],
  [
   -0.0871972143650055,
   -0.14595800638198853,
   0.02710839733481407,
   -0.08017294853925705,
   0.0759136751294136,
   -0.01589399203658104,
   -0.02812575176358223,
   0.012402400374412537,
   0.07426121830940247,
   0.004029484465718269,
   -0.7660282850265503,
   -0.25259342789649963,
   -0.14057010412216187,
   -0.08390864729881287,
   -0.04270939528942108,
   0.166825070977211,
   -0.1303139626979828,
   0.11878155171871185,
   0.0887763574719429,
   0.027911078184843063,
   0.05642909184098244,
   0.14736345410346985,
   1.0000008344650269,
   0.6840736865997314,
   -0.00898660160601139,
   0.22295928001403809,
   0.03727047145366669,
   -0.049859076738357544,
   0.010544246062636375,
   -0.04745251685380936,
   0.02113090083003044,
   -0.23694120347499847,
   -0.24455639719963074
  ],
  [
   -0.06565161794424057,
   -0.18088842928409576,
   -0.07076025009155273,
   -0.06716816127300262,
   0.13332748413085938,
   -0.012242864817380905,
   -0.012838263064622879,
   -0.028935745358467102,
   0.02743641473352909,
   -0.014960091561079025,
   -0.8612827658653259,
   -0.25204285979270935,
   0.06710926443338394,
   -0.0395234078168869,
   -0.06530003994703293,
   0.040152937173843384,
   0.09449136257171631,
   0.06127382814884186,
   0.2082376927137375,
   0.02803821675479412,
   0.07568234950304031,
   -0.013534273952245712,
   0.6840736865997314,
   1.0,
   -0.02833608165383339,
   0.277180016040802,
   0.03204509988427162,
   -0.004736060276627541,
   0.011514835059642792,
   -0.11211470514535904,
   0.02137375809252262,
   -0.19366447627544403,
   -0.3199617862701416
  ],
  [
   -0.013919137418270111,
   -0.045921456068754196,
   -0.013749789446592331,
   0.023539645597338676,
   0.045957326889038086,
   -0.03210537135601044,
   0.02876453474164009,
   0.07084833085536957,
   0.04875187203288078,
   -0.05044355243444443,
   0.04995349794626236,
   -0.0008800039067864418,
   -0.043729256838560104,
   -0.047234032303094864,
   -0.043314412236213684,
   0.10384917259216309,
   -0.05316580832004547,
   -0.026449047029018402,
   -0.000494255218654871,
   -0.07352742552757263,
   -0.017047151923179626,
   0.001535113900899887,
   -0.00898660160601139,
   -0.02833608165383339,
   1.0,
   0.04913940280675888,
   0.03826897218823433,
   0.05021023005247116,
   -0.044230446219444275,
   0.06800000369548798,
   0.008455832488834858,
   -0.04289837181568146,
   0.049046196043491364
  ],
  [
   -0.018655704334378242,
   -0.8960253596305847,
   -0.019123684614896774,
   -0.05578933656215668,
   -0.013796234503388405,
   0.016817044466733932,
   0.02983928471803665,
   -0.057960204780101776,
   0.23243348300457,
   -0.02203068695962429,
   -0.18139398097991943,
   -0.028705868870019913,
   -0.1758957952260971,
   -0.06270807981491089,
   -0.06982547789812088,
   0.28301170468330383,
   -0.03662633150815964,
   0.34633708000183105,
   0.014924328774213791,
   -0.05340738594532013,
   0.051718369126319885,
   0.060194503515958786,
   0.22295928001403809,
   0.277180016040802,
   0.04913940280675888,
   0.9999996423721313,
   0.004302468616515398,
   0.009676788002252579,
   -0.06400175392627716,
   -0.061408545821905136,
   0.017338408157229424,
   -0.0878710001707077,
   0.04624636471271515
  ],
  [
   -0.017335377633571625,
   -0.03058547154068947,
   -0.011737504974007607,
   0.02343534305691719,
   0.04971536993980408,
   0.0018625380471348763,
   -0.09556157886981964,
   -0.0017631025984883308,
   0.02956276759505272,
   -0.005533352494239807,
   -0.03312048316001892,
   -0.008093118667602539,
   0.020191967487335205,
   -0.0011176783591508865,
   -0.04392826184630394,
   -0.00542845856398344,
   0.07167157530784607,
   0.04144487902522087,
   0.044409237802028656,
   -0.009322003461420536,
   -0.01344259548932314,
   -0.06034625694155693,
   0.03727047145366669,
   0.03204509988427162,
   0.03826897218823433,
   0.004302468616515398,
   0.9999996423721313,
   -0.05640314891934395,
   0.09895330667495728,
   -0.012598585337400436,
   0.17363129556179047,
   0.025039255619049072,
   0.009438098408281803
  ],
  [
   0.006315641105175018,
   -0.00608745776116848,
   -0.002964196726679802,
   0.06817565858364105,
   -0.04372560232877731,
   0.049443893134593964,
   0.055584028363227844,
   0.003627108410000801,
   0.012369601987302303,
   -0.056350450962781906,
   0.0183478482067585,
   0.0011423919349908829,
   0.02125534601509571,
   -0.007354672532528639,
   0.01739814504981041,
   0.007836097851395607,
   -0.016981951892375946,
   -0.024922015145421028,
   -0.029722042381763458,
   -0.03273721784353256,
   -0.02870933711528778,
   0.004946478176862001,
   -0.049859076738357544,
   -0.004736060276627541,
   0.05021023005247116,
   0.009676788002252579,
   -0.05640314891934395,
   1.0,
   -0.04448452591896057,
   0.06304168701171875,
   -0.05549444258213043,
   -0.05215407535433769,
   0.007539080921560526
  ],
  [
   0.043331604450941086,
   0.06329777836799622,
   -0.037638694047927856,
   -0.05649897828698158,
   -0.03780301287770271,
   -0.007936115376651287,
   -0.07193298637866974,
   0.012347150593996048,
   -0.010999992489814758,
   0.009835881181061268,
   -0.007509193848818541,
   -0.01795893721282482,
   0.015656551346182823,
   -0.01607752963900566,
   -0.07760467380285263,
   -0.06095912680029869,
   -0.0013658474199473858,
   -0.0370679572224617,
   0.013560062274336815,
   -0.006734861060976982,
   -0.034996189177036285,
   -0.05332941934466362,
   0.010544246062636375,
   0.011514835059642792,
   -0.044230446219444275,
   -0.06400175392627716,
   0.09895330667495728,
   -0.04448452591896057,
   0.9999997615814209,
   0.03485032916069031,
   0.11680083721876144,
   0.02260345034301281,
   -0.035603754222393036
  ],
  [
   -0.024297457188367844,
   0.03133682161569595,
   -0.0200098417699337,
   0.06297650933265686,
   0.04645366966724396,
   -0.03253782168030739,
   0.11185057461261749,
   -0.051537249237298965,
   0.06298623979091644,
   -0.06937816739082336,
   0.08268575370311737,
   0.029384559020400047,
   -0.21350768208503723,
   0.08227375149726868,
   0.06145261973142624,
   0.17346955835819244,
   -0.12339802086353302,
   0.006937490776181221,
   0.10966955125331879,
   -0.14580115675926208,
   0.06646513938903809,
   0.031184082850813866,
   -0.04745251685380936,
   -0.11211470514535904,
   0.06800000369548798,
   -0.061408545821905136,
   -0.012598585337400436,
   0.06304168701171875,
   0.03485032916069031,
   1.0000001192092896,
   0.03544824197888374,
   -0.16712239384651184,
   0.08774340897798538
  ],
  [
   -0.012237008661031723,
   -0.02405110001564026,
   0.038095347583293915,
   -0.01716236025094986,
   -0.014764276333153248,
   -0.013926227577030659,
   -0.04557473212480545,
   -0.0062355357222259045,
   0.011328202672302723,
   0.05101306736469269,
   -0.015258417464792728,
   -0.00266212597489357,
   -0.014294177293777466,
   -0.02870493195950985,
   -0.04638439789414406,
   0.03932341933250427,
   0.001446572132408619,
   0.03287160396575928,
   0.02135317027568817,
   -0.08043157309293747,
   0.009482409805059433,
   -0.011312758550047874,
   0.02113090083003044,
   0.02137375809252262,
   0.008455832488834858,
   0.017338408157229424,
   0.17363129556179047,
   -0.05549444258213043,
   0.11680083721876144,
   0.03544824197888374,
   1.0000004768371582,
   0.017380189150571823,
   0.023608416318893433
  ],
  [
   0.030894499272108078,
   0.08746980130672455,
   -0.039833780378103256,
   0.14097341895103455,
   0.020349113270640373,
   0.024469347670674324,
   -0.2855750024318695,
   0.030907217413187027,
   0.011904831975698471,
   0.0392640046775341,
   0.16541048884391785,
   0.8046857714653015,
   0.11862362921237946,
   0.04756433144211769,
   0.004384495317935944,
   -0.5962785482406616,
   0.16609278321266174,
   -0.36311429738998413,
   -0.18910247087478638,
   -0.1886768639087677,
   -0.11918000131845474,
   -0.3469292223453522,
   -0.23694120347499847,
   -0.19366447627544403,
   -0.04289837181568146,
   -0.0878710001707077,
   0.025039255619049072,
   -0.05215407535433769,
   0.02260345034301281,
   -0.16712239384651184,
   0.017380189150571823,
   1.0,
   0.6149111986160278
  ],
  [
   -0.02309494838118553,
   -0.08785269409418106,
   -0.018412819132208824,
   0.16926497220993042,
   -0.04669451713562012,
   0.02134762704372406,
   0.07258987426757812,
   0.05672924965620041,
   0.15158048272132874,
   -0.0019173817709088326,
   0.3142801523208618,
   0.746608555316925,
   -0.13495413959026337,
   -0.0038356625009328127,
   -0.007313010282814503,
   0.027962377294898033,
   -0.20557419955730438,
   0.05200628191232681,
   -0.2940046787261963,
   -0.24202318489551544,
   -0.04658696800470352,
