{
  "model": "meta-llama/Llama-3.2-3B",
  "peak_block": 9,
  "write_layer": 10,
  "early_block": 2,
  "dataset": "NeelNanda/counterfact-tracing",
  "revision": "c945b082ca08d0a8f3ba227fb78404a09614c36e",
  "seed": 1,
  "folds": 5,
  "k_relations": 8,
  "pairs_per_relation": 60,
  "templates": {
    "P103": "The mother tongue of {} is",
    "P1412": "The language used by {} is",
    "P176": "{}, developed by",
    "P27": "{} has a citizenship from",
    "P30": "{} belongs to the continent of",
    "P37": "In {}, an official language is",
    "P413": "{}, the",
    "P495": "{}, created in"
  },
  "decoding": {
    "delta_f": {
      "acc": 0.8520833333333333,
      "null_mean": 0.12712500989437103,
      "null_95": 0.15843749046325684,
      "p": 0.009900990099009901
    },
    "lexical": {
      "acc": 0.45416666666666666,
      "null_mean": 0.12202083319425583,
      "null_95": 0.1459374874830246,
      "p": 0.009900990099009901
    }
  },
  "identity_check_median": 8.390821903958567e-08,
  "cats": [
    "P103",
    "P1412",
    "P176",
    "P27",
    "P30",
    "P37",
    "P413",
    "P495"
  ],
  "cos_peak": [
    [
      1.0,
      0.542,
      0.351,
      0.628,
      -0.151,
      0.544,
      0.009,
      0.564
    ],
    [
      0.542,
      1.0,
      0.339,
      0.54,
      -0.123,
      0.619,
      0.018,
      0.447
    ],
    [
      0.351,
      0.339,
      1.0,
      0.483,
      -0.004,
      0.365,
      0.031,
      0.511
    ],
    [
      0.628,
      0.54,
      0.483,
      1.0,
      -0.11,
      0.51,
      0.061,
      0.791
    ],
    [
      -0.151,
      -0.123,
      -0.004,
      -0.11,
      1.0,
      -0.104,
      -0.077,
      -0.096
    ],
    [
      0.544,
      0.619,
      0.365,
      0.51,
      -0.104,
      1.0,
      0.014,
      0.487
    ],
    [
      0.009,
      0.018,
      0.031,
      0.061,
      -0.077,
      0.014,
      1.0,
      0.071
    ],
    [
      0.564,
      0.447,
      0.511,
      0.791,
      -0.096,
      0.487,
      0.071,
      1.0
    ]
  ],
  "cos_early": [
    [
      1.0,
      -0.049,
      -0.073,
      0.106,
      -0.072,
      0.343,
      -0.028,
      0.011
    ],
    [
      -0.049,
      1.0,
      -0.017,
      -0.238,
      -0.001,
      0.701,
      -0.027,
      -0.161
    ],
    [
      -0.073,
      -0.017,
      1.0,
      -0.031,
      -0.002,
      -0.053,
      0.024,
      0.218
    ],
    [
      0.106,
      -0.238,
      -0.031,
      1.0,
      -0.017,
      -0.082,
      0.097,
      0.596
    ],
    [
      -0.072,
      -0.001,
      -0.002,
      -0.017,
      1.0,
      -0.08,
      -0.014,
      -0.09
    ],
    [
      0.343,
      0.701,
      -0.053,
      -0.082,
      -0.08,
      1.0,
      -0.044,
      -0.026
    ],
    [
      -0.028,
      -0.027,
      0.024,
      0.097,
      -0.014,
      -0.044,
      1.0,
      0.029
    ],
    [
      0.011,
      -0.161,
      0.218,
      0.596,
      -0.09,
      -0.026,
      0.029,
      1.0
    ]
  ],
  "transfer": [
    [
      0.961,
      0.959,
      0.999,
      0.986,
      0.538,
      0.945,
      0.83,
      0.93
    ],
    [
      0.918,
      0.917,
      0.988,
      0.984,
      0.522,
      0.906,
      0.811,
      0.921
    ],
    [
      0.985,
      0.991,
      0.999,
      0.998,
      0.888,
      0.977,
      0.876,
      0.969
    ],
    [
      0.984,
      0.994,
      0.998,
      1.0,
      0.652,
      0.967,
      0.888,
      0.966
    ],
    [
      0.151,
      0.223,
      0.469,
      0.237,
      0.75,
      0.254,
      0.276,
      0.296
    ],
    [
      0.97,
      0.981,
      0.991,
      0.994,
      0.634,
      0.982,
      0.841,
      0.953
    ],
    [
      0.657,
      0.701,
      0.637,
      0.776,
      0.387,
      0.593,
      0.661,
      0.701
    ],
    [
      0.984,
      0.989,
      0.995,
      1.0,
      0.701,
      0.973,
      0.894,
      0.964
    ]
  ]
}