{
  "model": "meta-llama/Llama-3.2-3B",
  "peak_block": 9,
  "write_layer": 10,
  "early_block": 2,
  "dataset": "NeelNanda/counterfact-tracing",
  "revision": "c945b082ca08d0a8f3ba227fb78404a09614c36e",
  "seed": 7,
  "folds": 5,
  "k_relations": 8,
  "pairs_per_relation": 60,
  "templates": {
    "P103": "The mother tongue of {} is",
    "P1412": "The language used by {} is",
    "P176": "{}, developed by",
    "P27": "{} has a citizenship from",
    "P30": "{} belongs to the continent of",
    "P37": "In {}, an official language is",
    "P413": "{}, the",
    "P495": "{}, created in"
  },
  "decoding": {
    "delta_f": {
      "acc": 0.8479166666666667,
      "null_mean": 0.1236250028014183,
      "null_95": 0.14802081882953644,
      "p": 0.009900990099009901
    },
    "lexical": {
      "acc": 0.48541666666666666,
      "null_mean": 0.12587499618530273,
      "null_95": 0.15208333730697632,
      "p": 0.009900990099009901
    }
  },
  "identity_check_median": 8.404578011322883e-08,
  "cats": [
    "P103",
    "P1412",
    "P176",
    "P27",
    "P30",
    "P37",
    "P413",
    "P495"
  ],
  "cos_peak": [
    [
      1.0,
      0.557,
      0.377,
      0.717,
      -0.11,
      0.544,
      0.005,
      0.587
    ],
    [
      0.557,
      1.0,
      0.305,
      0.538,
      -0.15,
      0.664,
      -0.02,
      0.478
    ],
    [
      0.377,
      0.305,
      1.0,
      0.474,
      0.037,
      0.333,
      0.019,
      0.481
    ],
    [
      0.717,
      0.538,
      0.474,
      1.0,
      -0.09,
      0.503,
      0.036,
      0.751
    ],
    [
      -0.11,
      -0.15,
      0.037,
      -0.09,
      1.0,
      -0.101,
      -0.074,
      -0.107
    ],
    [
      0.544,
      0.664,
      0.333,
      0.503,
      -0.101,
      1.0,
      -0.004,
      0.479
    ],
    [
      0.005,
      -0.02,
      0.019,
      0.036,
      -0.074,
      -0.004,
      1.0,
      0.055
    ],
    [
      0.587,
      0.478,
      0.481,
      0.751,
      -0.107,
      0.479,
      0.055,
      1.0
    ]
  ],
  "cos_early": [
    [
      1.0,
      0.045,
      -0.158,
      -0.065,
      -0.066,
      0.207,
      -0.043,
      -0.099
    ],
    [
      0.045,
      1.0,
      0.071,
      0.151,
      -0.038,
      0.641,
      -0.048,
      0.004
    ],
    [
      -0.158,
      0.071,
      1.0,
      -0.031,
      -0.02,
      0.047,
      0.0,
      0.229
    ],
    [
      -0.065,
      0.151,
      -0.031,
      1.0,
      0.035,
      0.038,
      -0.05,
      -0.15
    ],
    [
      -0.066,
      -0.038,
      -0.02,
      0.035,
      1.0,
      -0.095,
      -0.017,
      -0.068
    ],
    [
      0.207,
      0.641,
      0.047,
      0.038,
      -0.095,
      1.0,
      -0.058,
      0.045
    ],
    [
      -0.043,
      -0.048,
      0.0,
      -0.05,
      -0.017,
      -0.058,
      1.0,
      -0.034
    ],
    [
      -0.099,
      0.004,
      0.229,
      -0.15,
      -0.068,
      0.045,
      -0.034,
      1.0
    ]
  ],
  "transfer": [
    [
      0.992,
      0.962,
      0.991,
      0.991,
      0.551,
      0.929,
      0.806,
      0.911
    ],
    [
      0.948,
      0.865,
      0.979,
      0.973,
      0.4,
      0.882,
      0.752,
      0.902
    ],
    [
      0.978,
      0.97,
      0.997,
      0.995,
      0.908,
      0.942,
      0.83,
      0.938
    ],
    [
      0.99,
      0.98,
      0.994,
      0.993,
      0.618,
      0.954,
      0.864,
      0.949
    ],
    [
      0.118,
      0.203,
      0.672,
      0.239,
      0.836,
      0.278,
      0.174,
      0.264
    ],
    [
      0.962,
      0.902,
      0.988,
      0.979,
      0.575,
      0.917,
      0.796,
      0.915
    ],
    [
      0.57,
      0.567,
      0.619,
      0.699,
      0.319,
      0.569,
      0.736,
      0.718
    ],
    [
      0.984,
      0.981,
      0.994,
      0.992,
      0.571,
      0.955,
      0.873,
      0.931
    ]
  ]
}