{
  "model": "meta-llama/Llama-3.2-3B",
  "peak_block": 9,
  "write_layer": 10,
  "early_block": 2,
  "dataset": "NeelNanda/counterfact-tracing",
  "revision": "c945b082ca08d0a8f3ba227fb78404a09614c36e",
  "seed": 2,
  "folds": 5,
  "k_relations": 8,
  "pairs_per_relation": 60,
  "templates": {
    "P103": "The mother tongue of {} is",
    "P1412": "The language used by {} is",
    "P176": "{}, developed by",
    "P27": "{} has a citizenship from",
    "P30": "{} belongs to the continent of",
    "P37": "In {}, an official language is",
    "P413": "{}, the",
    "P495": "{}, created in"
  },
  "decoding": {
    "delta_f": {
      "acc": 0.8145833333333333,
      "null_mean": 0.12537500262260437,
      "null_95": 0.15416666865348816,
      "p": 0.009900990099009901
    },
    "lexical": {
      "acc": 0.45,
      "null_mean": 0.12733331322669983,
      "null_95": 0.16062498092651367,
      "p": 0.009900990099009901
    }
  },
  "identity_check_median": 8.380577298794378e-08,
  "cats": [
    "P103",
    "P1412",
    "P176",
    "P27",
    "P30",
    "P37",
    "P413",
    "P495"
  ],
  "cos_peak": [
    [
      1.0,
      0.586,
      0.367,
      0.645,
      -0.136,
      0.513,
      -0.034,
      0.559
    ],
    [
      0.586,
      1.0,
      0.326,
      0.536,
      -0.114,
      0.548,
      -0.013,
      0.498
    ],
    [
      0.367,
      0.326,
      1.0,
      0.492,
      -0.011,
      0.412,
      0.029,
      0.464
    ],
    [
      0.645,
      0.536,
      0.492,
      1.0,
      -0.065,
      0.589,
      0.013,
      0.771
    ],
    [
      -0.136,
      -0.114,
      -0.011,
      -0.065,
      1.0,
      -0.06,
      -0.054,
      -0.056
    ],
    [
      0.513,
      0.548,
      0.412,
      0.589,
      -0.06,
      1.0,
      0.024,
      0.517
    ],
    [
      -0.034,
      -0.013,
      0.029,
      0.013,
      -0.054,
      0.024,
      1.0,
      0.009
    ],
    [
      0.559,
      0.498,
      0.464,
      0.771,
      -0.056,
      0.517,
      0.009,
      1.0
    ]
  ],
  "cos_early": [
    [
      1.0,
      -0.349,
      -0.056,
      0.093,
      -0.066,
      -0.051,
      -0.042,
      -0.112
    ],
    [
      -0.349,
      1.0,
      -0.016,
      -0.218,
      -0.014,
      -0.516,
      -0.014,
      0.143
    ],
    [
      -0.056,
      -0.016,
      1.0,
      -0.047,
      0.007,
      0.018,
      0.017,
      0.097
    ],
    [
      0.093,
      -0.218,
      -0.047,
      1.0,
      0.024,
      0.25,
      0.06,
      -0.709
    ],
    [
      -0.066,
      -0.014,
      0.007,
      0.024,
      1.0,
      0.091,
      -0.016,
      -0.052
    ],
    [
      -0.051,
      -0.516,
      0.018,
      0.25,
      0.091,
      1.0,
      0.046,
      -0.196
    ],
    [
      -0.042,
      -0.014,
      0.017,
      0.06,
      -0.016,
      0.046,
      1.0,
      -0.018
    ],
    [
      -0.112,
      0.143,
      0.097,
      -0.709,
      -0.052,
      -0.196,
      -0.018,
      1.0
    ]
  ],
  "transfer": [
    [
      0.942,
      0.966,
      0.996,
      0.973,
      0.652,
      0.904,
      0.92,
      0.941
    ],
    [
      0.898,
      0.906,
      0.986,
      0.959,
      0.634,
      0.877,
      0.914,
      0.959
    ],
    [
      0.961,
      0.995,
      0.992,
      0.986,
      0.927,
      0.973,
      0.933,
      0.959
    ],
    [
      0.962,
      0.997,
      0.996,
      0.976,
      0.846,
      0.98,
      0.952,
      0.963
    ],
    [
      0.149,
      0.253,
      0.414,
      0.309,
      0.735,
      0.334,
      0.209,
      0.332
    ],
    [
      0.946,
      0.997,
      0.992,
      0.985,
      0.841,
      0.979,
      0.952,
      0.967
    ],
    [
      0.478,
      0.521,
      0.614,
      0.553,
      0.499,
      0.617,
      0.553,
      0.51
    ],
    [
      0.956,
      0.999,
      0.991,
      0.982,
      0.869,
      0.977,
      0.958,
      0.953
    ]
  ]
}