{
  "model": "Qwen/Qwen2.5-3B",
  "peak_block": 16,
  "write_layer": 17,
  "early_block": 2,
  "dataset": "NeelNanda/counterfact-tracing",
  "revision": "c945b082ca08d0a8f3ba227fb78404a09614c36e",
  "seed": 0,
  "folds": 5,
  "k_relations": 33,
  "pairs_per_relation": 60,
  "templates": {
    "P101": "{}'s domain of work is",
    "P103": "The mother tongue of {} is",
    "P106": "{}, who works as",
    "P108": "{}, who is employed by",
    "P127": "{}, by",
    "P1303": "{}, the",
    "P131": "{} is in",
    "P136": "What does {} play? They play",
    "P138": "{} is named for",
    "P140": "The official religion of {} is",
    "P1412": "The language used by {} is",
    "P159": "The headquarter of {} is located in",
    "P17": "{}, which is located in",
    "P176": "{}, developed by",
    "P178": "{} was created by",
    "P19": "{} was born in",
    "P190": "What is the twin city of {}? It is",
    "P20": "{} expired at",
    "P27": "{} has a citizenship from",
    "P276": "{} can be found in",
    "P30": "{} belongs to the continent of",
    "P36": "{}'s capital is",
    "P364": "The original language of {} was",
    "P37": "In {}, an official language is",
    "P39": "{} is a",
    "P407": "{} was written in",
    "P413": "{}, the",
    "P449": "{} was released on",
    "P463": "{} belongs to the organization of",
    "P495": "{}, created in",
    "P641": "{} professionally plays the sport",
    "P740": "{}, that was created in",
    "P937": "{} found employment in"
  },
  "decoding": {
    "delta_f": {
      "acc": 0.5833333333333334,
      "null_mean": 0.029227273538708687,
      "null_95": 0.036363635212183,
      "p": 0.009900990099009901
    },
    "lexical": {
      "acc": 0.2787878787878788,
      "null_mean": 0.029893942177295685,
      "null_95": 0.036868687719106674,
      "p": 0.009900990099009901
    }
  },
  "identity_check_median": 1.2424924022980122e-07,
  "all_layers": true,
  "n_hidden": 37,
  "peak_hidden": 17,
  "cats": [
    "P101",
    "P103",
    "P106",
    "P108",
    "P127",
    "P1303",
    "P131",
    "P136",
    "P138",
    "P140",
    "P1412",
    "P159",
    "P17",
    "P176",
    "P178",
    "P19",
    "P190",
    "P20",
    "P27",
    "P276",
    "P30",
    "P36",
    "P364",
    "P37",
    "P39",
    "P407",
    "P413",
    "P449",
    "P463",
    "P495",
    "P641",
    "P740",
    "P937"
  ],
  "cos_peak": [
    [
      1.0,
      0.17,
      -0.098,
      -0.007,
      -0.05,
      0.055,
      0.209,
      0.091,
      0.046,
      0.124,
      0.239,
      0.098,
      0.275,
      0.124,
      0.193,
      0.132,
      -0.07,
      0.217,
      0.195,
      0.17,
      -0.096,
      0.081,
      -0.148,
      0.117,
      0.045,
      -0.164,
      -0.021,
      0.012,
      0.101,
      -0.024,
      0.018,
      0.058,
      0.121
    ],
    [
      0.17,
      1.0,
      -0.091,
      0.103,
      0.039,
      0.026,
      0.207,
      0.122,
      0.0,
      0.091,
      0.365,
      0.134,
      0.338,
      0.135,
      0.095,
      0.337,
      0.09,
      0.476,
      0.283,
      0.203,
      -0.104,
      0.14,
      -0.306,
      0.27,
      -0.009,
      -0.834,
      -0.017,
      -0.052,
      0.156,
      0.114,
      0.035,
      0.176,
      0.129
    ],
    [
      -0.098,
      -0.091,
      1.0,
      0.091,
      -0.074,
      -0.044,
      -0.017,
      -0.068,
      0.019,
      -0.088,
      0.069,
      0.081,
      -0.008,
      0.008,
      -0.148,
      0.037,
      -0.142,
      0.026,
      0.082,
      0.037,
      -0.018,
      0.032,
      0.005,
      0.113,
      -0.007,
      0.061,
      -0.093,
      0.013,
      -0.009,
      0.011,
      -0.028,
      0.074,
      0.066
    ],
    [
      -0.007,
      0.103,
      0.091,
      1.0,
      0.257,
      -0.044,
      0.047,
      0.026,
      0.042,
      -0.049,
      0.142,
      0.178,
      0.104,
      0.107,
      -0.139,
      0.127,
      0.108,
      0.087,
      0.183,
      0.026,
      -0.089,
      0.04,
      -0.069,
      0.123,
      0.081,
      -0.096,
      0.058,
      0.08,
      0.075,
      0.119,
      0.003,
      0.134,
      0.188
    ],
    [
      -0.05,
      0.039,
      -0.074,
      0.257,
      1.0,
      -0.063,
      0.126,
      -0.042,
      0.177,
      0.077,
      -0.099,
      -0.004,
      0.102,
      0.082,
      -0.02,
      -0.069,
      0.13,
      -0.054,
      -0.019,
      0.089,
      0.002,
      0.1,
      0.096,
      -0.136,
      0.082,
      -0.021,
      0.059,
      0.0,
      -0.022,
      0.19,
      0.036,
      -0.056,
      0.021
    ],
    [
      0.055,
      0.026,
      -0.044,
      -0.044,
      -0.063,
      1.0,
      0.01,
      0.012,
      0.017,
      -0.004,
      0.042,
      0.035,
      0.082,
      0.058,
      0.045,
      0.044,
      0.036,
      0.022,
      0.077,
      0.056,
      -0.057,
      0.059,
      -0.031,
      -0.008,
      -0.097,
      -0.007,
      -0.003,
      0.075,
      0.05,
      -0.01,
      0.025,
      -0.006,
      0.001
    ],
    [
      0.209,
      0.207,
      -0.017,
      0.047,
      0.126,
      0.01,
      1.0,
      0.148,
      0.488,
      0.163,
      0.151,
      0.381,
      0.706,
      0.479,
      0.305,
      0.214,
      0.131,
      0.019,
      0.238,
      0.782,
      -0.038,
      0.645,
      0.096,
      0.012,
      -0.015,
      -0.033,
      -0.056,
      0.055,
      0.19,
      0.05,
      0.083,
      0.184,
      0.438
    ],
    [
      0.091,
      0.122,
      -0.068,
      0.026,
      -0.042,
      0.012,
      0.148,
      1.0,
      0.01,
      0.098,
      0.013,
      0.048,
      0.076,
      0.052,
      0.059,
      0.015,
      -0.016,
      0.074,
      0.078,
      0.136,
      -0.061,
      0.049,
      -0.0,
      0.068,
      0.062,
      -0.092,
      0.005,
      0.086,
      0.047,
      -0.038,
      -0.069,
      -0.039,
      0.052
    ],
    [
      0.046,
      0.0,
      0.019,
      0.042,
      0.177,
      0.017,
      0.488,
      0.01,
      1.0,
      0.112,
      0.014,
      0.285,
      0.339,
      0.515,
      0.176,
      0.095,
      0.11,
      -0.058,
      0.065,
      0.637,
      0.069,
      0.642,
      0.215,
      -0.063,
      0.011,
      0.153,
      -0.007,
      0.033,
      0.122,
      0.062,
      0.073,
      0.055,
      0.339
    ],
    [
      0.124,
      0.091,
      -0.088,
      -0.049,
      0.077,
      -0.004,
      0.163,
      0.098,
      0.112,
      1.0,
      0.069,
      0.202,
      0.114,
      0.101,
      0.045,
      0.13,
      -0.04,
      0.122,
      0.002,
      0.172,
      -0.086,
      0.135,
      -0.012,
      0.019,
      -0.061,
      -0.053,
      0.02,
      0.003,
      0.082,
      -0.021,
      0.196,
      0.101,
      0.1
    ],
    [
      0.239,
      0.365,
      0.069,
      0.142,
      -0.099,
      0.042,
      0.151,
      0.013,
      0.014,
      0.069,
      1.0,
      0.29,
      0.307,
      0.113,
      0.185,
      0.191,
      -0.053,
      0.193,
      0.382,
      0.154,
      -0.128,
      0.117,
      -0.707,
      0.758,
      0.096,
      -0.358,
      -0.064,
      0.068,
      0.04,
      0.089,
      0.001,
      0.236,
      0.366
    ],
    [
      0.098,
      0.134,
      0.081,
      0.178,
      -0.004,
      0.035,
      0.381,
      0.048,
      0.285,
      0.202,
      0.29,
      1.0,
      0.461,
      0.324,
      0.286,
      0.636,
      0.062,
      0.277,
      0.323,
      0.516,
      -0.096,
      0.418,
      -0.162,
      0.215,
      -0.091,
      -0.076,
      0.01,
      0.028,
      0.13,
      -0.12,
      0.071,
      0.797,
      0.648
    ],
    [
      0.275,
      0.338,
      -0.008,
      0.104,
      0.102,
      0.082,
      0.706,
      0.076,
      0.339,
      0.114,
      0.307,
      0.461,
      1.0,
      0.437,
      0.279,
      0.362,
      0.17,
      0.125,
      0.469,
      0.7,
      -0.146,
      0.559,
      -0.07,
      0.11,
      -0.056,
      -0.217,
      -0.001,
      0.044,
      0.157,
      0.058,
      0.093,
      0.32,
      0.428
    ],
    [
      0.124,
      0.135,
      0.008,
      0.107,
      0.082,
      0.058,
      0.479,
      0.052,
      0.515,
      0.101,
      0.113,
      0.324,
      0.437,
      1.0,
      0.262,
      0.21,
      0.126,
      0.065,
      0.248,
      0.577,
      0.073,
      0.446,
      0.051,
      0.003,
      0.023,
      -0.021,
      0.001,
      0.027,
      0.194,
      0.035,
      0.047,
      0.204,
      0.259
    ],
    [
      0.193,
      0.095,
      -0.148,
      -0.139,
      -0.02,
      0.045,
      0.305,
      0.059,
      0.176,
      0.045,
      0.185,
      0.286,
      0.279,
      0.262,
      1.0,
      0.071,
      0.002,
      0.036,
      0.198,
      0.316,
      0.055,
      0.202,
      -0.068,
      0.098,
      0.056,
      -0.024,
      -0.11,
      0.006,
      -0.019,
      0.014,
      0.014,
      0.093,
      0.269
    ],
    [
      0.132,
      0.337,
      0.037,
      0.127,
      -0.069,
      0.044,
      0.214,
      0.015,
      0.095,
      0.13,
      0.191,
      0.636,
      0.362,
      0.21,
      0.071,
      1.0,
      0.214,
      0.561,
      0.238,
      0.314,
      -0.19,
      0.225,
      -0.206,
      0.133,
      -0.172,
      -0.268,
      0.041,
      0.029,
      0.155,
      -0.244,
      0.051,
      0.771,
      0.326
    ],
    [
      -0.07,
      0.09,
      -0.142,
      0.108,
      0.13,
      0.036,
      0.131,
      -0.016,
      0.11,
      -0.04,
      -0.053,
      0.062,
      0.17,
      0.126,
      0.002,
      0.214,
      1.0,
      -0.183,
      -0.05,
      0.115,
      -0.083,
      0.207,
      -0.065,
      -0.116,
      -0.134,
      -0.075,
      0.12,
      0.005,
      0.074,
      -0.146,
      0.06,
      0.121,
      -0.062
    ],
    [
      0.217,
      0.476,
      0.026,
      0.087,
      -0.054,
      0.022,
      0.019,
      0.074,
      -0.058,
      0.122,
      0.193,
      0.277,
      0.125,
      0.065,
      0.036,
      0.561,
      -0.183,
      1.0,
      0.17,
      0.152,
      -0.037,
      -0.009,
      -0.253,
      0.148,
      0.044,
      -0.504,
      -0.005,
      0.028,
      0.019,
      0.001,
      0.013,
      0.379,
      0.115
    ],
    [
      0.195,
      0.283,
      0.082,
      0.183,
      -0.019,
      0.077,
      0.238,
      0.078,
      0.065,
      0.002,
      0.382,
      0.323,
      0.469,
      0.248,
      0.198,
      0.238,
      -0.05,
      0.17,
      1.0,
      0.26,
      -0.205,
      0.119,
      -0.212,
      0.28,
      0.037,
      -0.21,
      -0.041,
      0.097,
      0.093,
      0.159,
      0.024,
      0.287,
      0.368
    ],
    [
      0.17,
      0.203,
      0.037,
      0.026,
      0.089,
      0.056,
      0.782,
      0.136,
      0.637,
      0.172,
      0.154,
      0.516,
      0.7,
      0.577,
      0.316,
      0.314,
      0.115,
      0.152,
      0.26,
      1.0,
      -0.031,
      0.739,
      0.071,
      -0.002,
      -0.021,
      -0.057,
      -0.058,
      0.072,
      0.194,
      0.035,
      0.05,
      0.26,
      0.449
    ],
    [
      -0.096,
      -0.104,
      -0.018,
      -0.089,
      0.002,
      -0.057,
      -0.038,
      -0.061,
      0.069,
      -0.086,
      -0.128,
      -0.096,
      -0.146,
      0.073,
      0.055,
      -0.19,
      -0.083,
      -0.037,
      -0.205,
      -0.031,
      1.0,
      0.055,
      0.111,
      -0.068,
      -0.081,
      0.083,
      -0.09,
      -0.131,
      -0.008,
      0.047,
      0.023,
      -0.128,
      -0.112
    ],
    [
      0.081,
      0.14,
      0.032,
      0.04,
      0.1,
      0.059,
      0.645,
      0.049,
      0.642,
      0.135,
      0.117,
      0.418,
      0.559,
      0.446,
      0.202,
      0.225,
      0.207,
      -0.009,
      0.119,
      0.739,
      0.055,
      1.0,
      0.141,
      0.021,
      0.011,
      0.022,
      -0.007,
      -0.007,
      0.139,
      0.015,
      0.092,
      0.174,
      0.435
    ],
    [
      -0.148,
      -0.306,
      0.005,
      -0.069,
      0.096,
      -0.031,
      0.096,
      -0.0,
      0.215,
      -0.012,
      -0.707,
      -0.162,
      -0.07,
      0.051,
      -0.068,
      -0.206,
      -0.065,
      -0.253,
      -0.212,
      0.071,
      0.111,
      0.141,
      1.0,
      -0.573,
      -0.03,
      0.439,
      0.034,
      -0.054,
      0.015,
      -0.05,
      0.035,
      -0.234,
      -0.074
    ],
    [
      0.117,
      0.27,
      0.113,
      0.123,
      -0.136,
      -0.008,
      0.012,
      0.068,
      -0.063,
      0.019,
      0.758,
      0.215,
      0.11,
      0.003,
      0.098,
      0.133,
      -0.116,
      0.148,
      0.28,
      -0.002,
      -0.068,
      0.021,
      -0.573,
      1.0,
      0.084,
      -0.303,
      -0.064,
      -0.007,
      -0.012,
      0.085,
      -0.084,
      0.203,
      0.275
    ],
    [
      0.045,
      -0.009,
      -0.007,
      0.081,
      0.082,
      -0.097,
      -0.015,
      0.062,
      0.011,
      -0.061,
      0.096,
      -0.091,
      -0.056,
      0.023,
      0.056,
      -0.172,
      -0.134,
      0.044,
      0.037,
      -0.021,
      -0.081,
      0.011,
      -0.03,
      0.084,
      1.0,
      -0.001,
      0.067,
      0.106,
      -0.039,
      -0.021,
      -0.005,
      -0.148,
      0.043
    ],
    [
      -0.164,
      -0.834,
      0.061,
      -0.096,
      -0.021,
      -0.007,
      -0.033,
      -0.092,
      0.153,
      -0.053,
      -0.358,
      -0.076,
      -0.217,
      -0.021,
      -0.024,
      -0.268,
      -0.075,
      -0.504,
      -0.21,
      -0.057,
      0.083,
      0.022,
      0.439,
      -0.303,
      -0.001,
      1.0,
      -0.006,
      0.034,
      -0.109,
      -0.14,
      -0.053,
      -0.164,
      0.009
    ],
    [
      -0.021,
      -0.017,
      -0.093,
      0.058,
      0.059,
      -0.003,
      -0.056,
      0.005,
      -0.007,
      0.02,
      -0.064,
      0.01,
      -0.001,
      0.001,
      -0.11,
      0.041,
      0.12,
      -0.005,
      -0.041,
      -0.058,
      -0.09,
      -0.007,
      0.034,
      -0.064,
      0.067,
      -0.006,
      1.0,
      -0.013,
      0.085,
      -0.011,
      0.135,
      0.046,
      0.037
    ],
    [
      0.012,
      -0.052,
      0.013,
      0.08,
      0.0,
      0.075,
      0.055,
      0.086,
      0.033,
      0.003,
      0.068,
      0.028,
      0.044,
      0.027,
      0.006,
      0.029,
      0.005,
      0.028,
      0.097,
      0.072,
      -0.131,
      -0.007,
      -0.054,
      -0.007,
      0.106,
      0.034,
      -0.013,
      1.0,
      0.04,
      0.032,
      0.026,
      -0.02,
      0.096
    ],
    [
      0.101,
      0.156,
      -0.009,
      0.075,
      -0.022,
      0.05,
      0.19,
      0.047,
      0.122,
      0.082,
      0.04,
      0.13,
      0.157,
      0.194,
      -0.019,
      0.155,
      0.074,
      0.019,
      0.093,
      0.194,
      -0.008,
      0.139,
      0.015,
      -0.012,
      -0.039,
      -0.109,
      0.085,
      0.04,
      1.0,
      0.068,
      0.177,
      0.131,
      0.048
    ],
    [
      -0.024,
      0.114,
      0.011,
      0.119,
      0.19,
      -0.01,
      0.05,
      -0.038,
      0.062,
      -0.021,
      0.089,
      -0.12,
      0.058,
      0.035,
      0.014,
      -0.244,
      -0.146,
      0.001,
      0.159,
      0.035,
      0.047,
      0.015,
      -0.05,
      0.085,
      -0.021,
      -0.14,
      -0.011,
      0.032,
      0.068,
      1.0,
      0.129,
      -0.233,
      0.112
    ],
    [
      0.018,
      0.035,
      -0.028,
      0.003,
      0.036,
      0.025,
      0.083,
      -0.069,
      0.073,
      0.196,
      0.001,
      0.071,
      0.093,
      0.047,
      0.014,
      0.051,
      0.06,
      0.013,
      0.024,
      0.05,
      0.023,
      0.092,
      0.035,
      -0.084,
      -0.005,
      -0.053,
      0.135,
      0.026,
      0.177,
      0.129,
      1.0,
      0.102,
      0.021
    ],
    [
      0.058,
      0.176,
      0.074,
      0.134,
      -0.056,
      -0.006,
      0.184,
      -0.039,
      0.055,
      0.101,
      0.236,
      0.797,
      0.32,
      0.204,
      0.093,
      0.771,
      0.121,
      0.379,
      0.287,
      0.26,
      -0.128,
      0.174,
      -0.234,
      0.203,
      -0.148,
      -0.164,
      0.046,
      -0.02,
      0.131,
      -0.233,
      0.102,
      1.0,
      0.447
    ],
    [
      0.121,
      0.129,
      0.066,
      0.188,
      0.021,
      0.001,
      0.438,
      0.052,
      0.339,
      0.1,
      0.366,
      0.648,
      0.428,
      0.259,
      0.269,
      0.326,
      -0.062,
      0.115,
      0.368,
      0.449,
      -0.112,
      0.435,
      -0.074,
      0.275,
      0.043,
      0.009,
      0.037,
      0.096,
      0.048,
      0.112,
      0.021,
      0.447,
      1.0
    ]
  ],
  "cos_early": [
    [
      1.0,
      0.125,
      -0.074,
      -0.004,
      -0.054,
      -0.001,
      0.021,
      0.053,
      -0.089,
      0.062,
      0.129,
      0.042,
      0.054,
      -0.039,
      0.067,
      -0.172,
      0.062,
      -0.217,
      -0.129,
      0.028,
      -0.172,
      0.061,
      -0.12,
      -0.098,
      -0.024,
      -0.178,
      0.03,
      0.032,
      0.087,
      -0.035,
      0.032,
      0.106,
      -0.121
    ],
    [
      0.125,
      1.0,
      -0.099,
      0.089,
      -0.034,
      -0.028,
      -0.019,
      0.088,
      -0.203,
      0.028,
      0.313,
      0.0,
      0.124,
      0.036,
      -0.034,
      -0.28,
      -0.187,
      -0.318,
      -0.193,
      0.018,
      -0.081,
      0.12,
      -0.361,
      -0.259,
      0.016,
      -0.852,
      -0.046,
      -0.086,
      0.124,
      0.087,
      -0.105,
      0.184,
      -0.198
    ],
    [
      -0.074,
      -0.099,
      1.0,
      0.014,
      -0.012,
      -0.042,
      0.014,
      -0.115,
      0.015,
      0.003,
      0.0,
      0.079,
      -0.112,
      0.022,
      -0.162,
      0.005,
      0.092,
      -0.004,
      -0.115,
      -0.02,
      0.016,
      -0.07,
      0.043,
      -0.027,
      -0.059,
      0.061,
      -0.016,
      -0.07,
      -0.011,
      0.037,
      0.004,
      -0.011,
      0.048
    ],
    [
      -0.004,
      0.089,
      0.014,
      1.0,
      0.042,
      -0.051,
      -0.093,
      0.033,
      -0.013,
      -0.102,
      0.11,
      0.141,
      -0.035,
      0.096,
      -0.272,
      -0.003,
      0.007,
      -0.034,
      -0.055,
      -0.075,
      -0.063,
      -0.185,
      -0.071,
      -0.129,
      0.19,
      -0.077,
      -0.01,
      0.021,
      0.06,
      0.126,
      -0.105,
      0.129,
      0.118
    ],
    [
      -0.054,
      -0.034,
      -0.012,
      0.042,
      1.0,
      0.068,
      -0.048,
      -0.069,
      0.358,
      0.075,
      -0.184,
      -0.054,
      -0.071,
      -0.106,
      -0.154,
      0.141,
      -0.041,
      -0.027,
      0.217,
      -0.291,
      0.082,
      -0.073,
      0.143,
      0.186,
      0.032,
      0.019,
      0.023,
      -0.027,
      -0.055,
      0.155,
      0.009,
      -0.12,
      -0.063
    ],
    [
      -0.001,
      -0.028,
      -0.042,
      -0.051,
      0.068,
      1.0,
      -0.058,
      -0.125,
      0.032,
      0.022,
      -0.055,
      -0.036,
      0.042,
      0.11,
      -0.013,
      -0.083,
      -0.084,
      -0.022,
      -0.002,
      -0.042,
      -0.078,
      0.11,
      -0.01,
      0.072,
      -0.093,
      0.015,
      0.076,
      0.022,
      -0.001,
      -0.028,
      0.054,
      0.032,
      -0.093
    ],
    [
      0.021,
      -0.019,
      0.014,
      -0.093,
      -0.048,
      -0.058,
      1.0,
      0.125,
      -0.052,
      -0.092,
      0.02,
      -0.04,
      -0.09,
      -0.059,
      0.085,
      0.288,
      -0.012,
      0.158,
      -0.107,
      0.29,
      0.134,
      0.102,
      -0.048,
      -0.002,
      -0.011,
      0.035,
      -0.18,
      -0.049,
      -0.103,
      0.146,
      -0.06,
      -0.284,
      0.145
    ],
    [
      0.053,
      0.088,
      -0.115,
      0.033,
      -0.069,
      -0.125,
      0.125,
      1.0,
      -0.005,
      0.069,
      -0.028,
      0.031,
      -0.003,
      -0.027,
      0.028,
      -0.004,
      0.002,
      -0.048,
      -0.097,
      0.019,
      -0.03,
      -0.042,
      0.017,
      -0.0,
      0.057,
      -0.063,
      -0.06,
      0.093,
      -0.007,
      -0.177,
      -0.029,
      -0.115,
      -0.034
    ],
    [
      -0.089,
      -0.203,
      0.015,
      -0.013,
      0.358,
      0.032,
      -0.052,
      -0.005,
      1.0,
      -0.038,
      -0.134,
      0.183,
      -0.136,
      0.019,
      0.072,
      0.271,
      0.1,
      -0.072,
      0.085,
      -0.615,
      0.109,
      -0.363,
      0.165,
      0.158,
      -0.031,
      0.197,
      -0.021,
      0.025,
      -0.002,
      0.071,
      0.021,
      -0.444,
      0.079
    ],
    [
      0.062,
      0.028,
      0.003,
      -0.102,
      0.075,
      0.022,
      -0.092,
      0.069,
      -0.038,
      1.0,
      -0.034,
      0.014,
      -0.168,
      -0.024,
      -0.069,
      -0.11,
      0.002,
      -0.084,
      0.011,
      0.061,
      -0.139,
      0.051,
      0.057,
      -0.002,
      -0.076,
      -0.056,
      0.095,
      0.138,
      0.031,
      -0.021,
      0.104,
      0.061,
      -0.099
    ],
    [
      0.129,
      0.313,
      0.0,
      0.11,
      -0.184,
      -0.055,
      0.02,
      -0.028,
      -0.134,
      -0.034,
      1.0,
      0.198,
      0.072,
      -0.019,
      0.056,
      -0.051,
      -0.037,
      -0.074,
      -0.242,
      0.065,
      -0.033,
      -0.041,
      -0.78,
      -0.9,
      0.057,
      -0.299,
      -0.086,
      0.009,
      -0.029,
      0.084,
      -0.063,
      0.127,
      0.177
    ],
    [
      0.042,
      0.0,
      0.079,
      0.141,
      -0.054,
      -0.036,
      -0.04,
      0.031,
      0.183,
      0.014,
      0.198,
      1.0,
      -0.051,
      0.088,
      0.164,
      -0.191,
      0.147,
      -0.295,
      -0.355,
      -0.146,
      -0.123,
      -0.311,
      -0.185,
      -0.192,
      0.003,
      -0.046,
      -0.107,
      -0.011,
      -0.031,
      0.004,
      -0.045,
      0.338,
      0.301
    ],
    [
      0.054,
      0.124,
      -0.112,
      -0.035,
      -0.071,
      0.042,
      -0.09,
      -0.003,
      -0.136,
      -0.168,
      0.072,
      -0.051,
      1.0,
      0.165,
      0.092,
      -0.13,
      -0.02,
      0.021,
      0.093,
      0.016,
      -0.056,
      -0.062,
      -0.277,
      0.033,
      0.014,
      -0.226,
      0.03,
      0.028,
      -0.047,
      -0.071,
      0.014,
      0.211,
      0.002
    ],
    [
      -0.039,
      0.036,
      0.022,
      0.096,
      -0.106,
      0.11,
      -0.059,
      -0.027,
      0.019,
      -0.024,
      -0.019,
      0.088,
      0.165,
      1.0,
      0.067,
      0.031,
      0.09,
      -0.013,
      -0.029,
      -0.01,
      0.013,
      -0.102,
      0.054,
      0.029,
      0.04,
      0.0,
      0.028,
      0.004,
      0.11,
      0.012,
      -0.122,
      0.058,
      -0.007
    ],
    [
      0.067,
      -0.034,
      -0.162,
      -0.272,
      -0.154,
      -0.013,
      0.085,
      0.028,
      0.072,
      -0.069,
      0.056,
      0.164,
      0.092,
      0.067,
      1.0,
      0.038,
      0.04,
      0.043,
      -0.024,
      0.072,
      0.073,
      0.011,
      -0.094,
      -0.008,
      0.031,
      0.011,
      -0.015,
      -0.009,
      -0.098,
      -0.048,
      0.019,
      -0.059,
      0.095
    ],
    [
      -0.172,
      -0.28,
      0.005,
      -0.003,
      0.141,
      -0.083,
      0.288,
      -0.004,
      0.271,
      -0.11,
      -0.051,
      -0.191,
      -0.13,
      0.031,
      0.038,
      1.0,
      0.017,
      0.733,
      0.145,
      -0.111,
      0.23,
      -0.167,
      0.202,
      0.066,
      0.112,
      0.305,
      -0.09,
      -0.024,
      -0.035,
      0.152,
      0.007,
      -0.568,
      0.585
    ],
    [
      0.062,
      -0.187,
      0.092,
      0.007,
      -0.041,
      -0.084,
      -0.012,
      0.002,
      0.1,
      0.002,
      -0.037,
      0.147,
      -0.02,
      0.09,
      0.04,
      0.017,
      1.0,
      -0.184,
      -0.092,
      -0.112,
      0.011,
      -0.291,
      0.086,
      0.053,
      -0.01,
      0.133,
      -0.079,
      0.017,
      -0.122,
      -0.09,
      0.045,
      -0.018,
      -0.02
    ],
    [
      -0.217,
      -0.318,
      -0.004,
      -0.034,
      -0.027,
      -0.022,
      0.158,
      -0.048,
      -0.072,
      -0.084,
      -0.074,
      -0.295,
      0.021,
      -0.013,
      0.043,
      0.733,
      -0.184,
      1.0,
      0.168,
      0.207,
      0.091,
      -0.006,
      0.133,
      0.068,
      0.052,
      0.328,
      -0.002,
      -0.043,
      -0.001,
      0.027,
      0.045,
      -0.276,
      0.673
    ],
    [
      -0.129,
      -0.193,
      -0.115,
      -0.055,
      0.217,
      -0.002,
      -0.107,
      -0.097,
      0.085,
      0.011,
      -0.242,
      -0.355,
      0.093,
      -0.029,
      -0.024,
      0.145,
      -0.092,
      0.168,
      1.0,
      -0.101,
      0.229,
      0.026,
      0.191,
      0.231,
      0.062,
      0.161,
      0.029,
      0.015,
      -0.024,
      0.27,
      0.049,
      -0.155,
      -0.119
    ],
    [
      0.028,
      0.018,
      -0.02,
      -0.075,
      -0.291,
      -0.042,
      0.29,
      0.019,
      -0.615,
      0.061,
      0.065,
      -0.146,
      0.016,
      -0.01,
      0.072,
      -0.111,
      -0.112,
      0.207,
      -0.101,
      1.0,
      -0.13,
      0.35,
      -0.121,
      -0.081,
      0.026,
      -0.022,
      0.049,
      -0.002,
      0.022,
      -0.113,
      -0.038,
      0.182,
      -0.008
    ],
    [
      -0.172,
      -0.081,
      0.016,
      -0.063,
      0.082,
      -0.078,
      0.134,
      -0.03,
      0.109,
      -0.139,
      -0.033,
      -0.123,
      -0.056,
      0.013,
      0.073,
      0.23,
      0.011,
      0.091,
      0.229,
      -0.13,
      1.0,
      -0.008,
      0.051,
      0.044,
      -0.072,
      0.075,
      -0.105,
      -0.184,
      -0.081,
      0.128,
      -0.001,
      -0.224,
      0.022
    ],
    [
      0.061,
      0.12,
      -0.07,
      -0.185,
      -0.073,
      0.11,
      0.102,
      -0.042,
      -0.363,
      0.051,
      -0.041,
      -0.311,
      -0.062,
      -0.102,
      0.011,
      -0.167,
      -0.291,
      -0.006,
      0.026,
      0.35,
      -0.008,
      1.0,
      0.017,
      -0.017,
      -0.101,
      -0.097,
      0.038,
      -0.066,
      0.06,
      -0.028,
      0.043,
      0.023,
      -0.261
    ],
    [
      -0.12,
      -0.361,
      0.043,
      -0.071,
      0.143,
      -0.01,
      -0.048,
      0.017,
      0.165,
      0.057,
      -0.78,
      -0.185,
      -0.277,
      0.054,
      -0.094,
      0.202,
      0.086,
      0.133,
      0.191,
      -0.121,
      0.051,
      0.017,
      1.0,
      0.614,
      -0.091,
      0.427,
      0.057,
      -0.02,
      0.042,
      -0.058,
      0.057,
      -0.186,
      -0.055
    ],
    [
      -0.098,
      -0.259,
      -0.027,
      -0.129,
      0.186,
      0.072,
      -0.002,
      -0.0,
      0.158,
      -0.002,
      -0.9,
      -0.192,
      0.033,
      0.029,
      -0.008,
      0.066,
      0.053,
      0.068,
      0.231,
      -0.081,
      0.044,
      -0.017,
      0.614,
      1.0,
      -0.034,
      0.194,
      0.081,
      0.011,
      0.055,
      -0.093,
      0.107,
      -0.138,
      -0.152
    ],
    [
      -0.024,
      0.016,
      -0.059,
      0.19,
      0.032,
      -0.093,
      -0.011,
      0.057,
      -0.031,
      -0.076,
      0.057,
      0.003,
      0.014,
      0.04,
      0.031,
      0.112,
      -0.01,
      0.052,
      0.062,
      0.026,
      -0.072,
      -0.101,
      -0.091,
      -0.034,
      1.0,
      0.002,
      -0.083,
      0.144,
      0.032,
      -0.038,
      -0.036,
      0.001,
      0.038
    ],
    [
      -0.178,
      -0.852,
      0.061,
      -0.077,
      0.019,
      0.015,
      0.035,
      -0.063,
      0.197,
      -0.056,
      -0.299,
      -0.046,
      -0.226,
      0.0,
      0.011,
      0.305,
      0.133,
      0.328,
      0.161,
      -0.022,
      0.075,
      -0.097,
      0.427,
      0.194,
      0.002,
      1.0,
      0.004,
      0.05,
      -0.096,
      -0.11,
      0.061,
      -0.213,
      0.204
    ],
    [
      0.03,
      -0.046,
      -0.016,
      -0.01,
      0.023,
      0.076,
      -0.18,
      -0.06,
      -0.021,
      0.095,
      -0.086,
      -0.107,
      0.03,
      0.028,
      -0.015,
      -0.09,
      -0.079,
      -0.002,
      0.029,
      0.049,
      -0.105,
      0.038,
      0.057,
      0.081,
      -0.083,
      0.004,
      1.0,
      0.022,
      0.034,
      0.009,
      0.084,
      0.144,
      -0.019
    ],
    [
      0.032,
      -0.086,
      -0.07,
      0.021,
      -0.027,
      0.022,
      -0.049,
      0.093,
      0.025,
      0.138,
      0.009,
      -0.011,
      0.028,
      0.004,
      -0.009,
      -0.024,
      0.017,
      -0.043,
      0.015,
      -0.002,
      -0.184,
      -0.066,
      -0.02,
      0.011,
      0.144,
      0.05,
      0.022,
      1.0,
      0.059,
      0.001,
      0.022,
      -0.083,
      -0.051
    ],
    [
      0.087,
      0.124,
      -0.011,
      0.06,
      -0.055,
      -0.001,
      -0.103,
      -0.007,
      -0.002,
      0.031,
      -0.029,
      -0.031,
      -0.047,
      0.11,
      -0.098,
      -0.035,
      -0.122,
      -0.001,
      -0.024,
      0.022,
      -0.081,
      0.06,
      0.042,
      0.055,
      0.032,
      -0.096,
      0.034,
      0.059,
      1.0,
      0.1,
      0.008,
      0.039,
      -0.05
    ],
    [
      -0.035,
      0.087,
      0.037,
      0.126,
      0.155,
      -0.028,
      0.146,
      -0.177,
      0.071,
      -0.021,
      0.084,
      0.004,
      -0.071,
      0.012,
      -0.048,
      0.152,
      -0.09,
      0.027,
      0.27,
      -0.113,
      0.128,
      -0.028,
      -0.058,
      -0.093,
      -0.038,
      -0.11,
      0.009,
      0.001,
      0.1,
      1.0,
      0.144,
      -0.115,
      0.057
    ],
    [
      0.032,
      -0.105,
      0.004,
      -0.105,
      0.009,
      0.054,
      -0.06,
      -0.029,
      0.021,
      0.104,
      -0.063,
      -0.045,
      0.014,
      -0.122,
      0.019,
      0.007,
      0.045,
      0.045,
      0.049,
      -0.038,
      -0.001,
      0.043,
      0.057,
      0.107,
      -0.036,
      0.061,
      0.084,
      0.022,
      0.008,
      0.144,
      1.0,
      -0.028,
      -0.027
    ],
    [
      0.106,
      0.184,
      -0.011,
      0.129,
      -0.12,
      0.032,
      -0.284,
      -0.115,
      -0.444,
      0.061,
      0.127,
      0.338,
      0.211,
      0.058,
      -0.059,
      -0.568,
      -0.018,
      -0.276,
      -0.155,
      0.182,
      -0.224,
      0.023,
      -0.186,
      -0.138,
      0.001,
      -0.213,
      0.144,
      -0.083,
      0.039,
      -0.115,
      -0.028,
      1.0,
      0.038
    ],
    [
      -0.121,
      -0.198,
      0.048,
      0.118,
      -0.063,
      -0.093,
      0.145,
      -0.034,
      0.079,
      -0.099,
      0.177,
      0.301,
      0.002,
      -0.007,
      0.095,
      0.585,
      -0.02,
      0.673,
      -0.119,
      -0.008,
      0.022,
      -0.261,
      -0.055,
      -0.152,
      0.038,
      0.204,
      -0.019,
      -0.051,
      -0.05,
      0.057,
      -0.027,
      0.038,
      1.0
    ]
  ],
  "transfer": [
    [
      0.643,
      0.816,
      0.564,
      0.716,
      0.8,
      0.585,
      0.808,
      0.739,
      0.633,
      0.887,
      0.743,
      0.706,
      0.836,
      0.792,
      0.808,
      0.57,
      0.533,
      0.598,
      0.653,
      0.729,
      0.441,
      0.701,
      0.593,
      0.732,
      0.658,
      0.71,
      0.704,
      0.546,
      0.854,
      0.616,
      0.876,
      0.67,
      0.683
    ],
    [
      0.702,
      0.836,
      0.545,
      0.83,
      0.671,
      0.593,
      0.874,
      0.734,
      0.719,
      0.931,
      0.696,
      0.695,
      0.784,
      0.785,
      0.82,
      0.644,
      0.624,
      0.641,
      0.687,
      0.769,
      0.411,
      0.829,
      0.623,
      0.656,
      0.561,
      0.643,
      0.682,
      0.471,
      0.826,
      0.677,
      0.689,
      0.702,
      0.731
    ],
    [
      0.396,
      0.343,
      0.399,
      0.719,
      0.507,
      0.456,
      0.494,
      0.431,
      0.556,
      0.376,
      0.545,
      0.621,
      0.456,
      0.515,
      0.488,
      0.539,
      0.509,
      0.465,
      0.556,
      0.545,
      0.436,
      0.627,
      0.414,
      0.466,
      0.535,
      0.541,
      0.418,
      0.516,
      0.556,
      0.562,
      0.403,
      0.458,
      0.571
    ],
    [
      0.413,
      0.706,
      0.546,
      0.778,
      0.551,
      0.512,
      0.644,
      0.595,
      0.564,
      0.683,
      0.767,
      0.635,
      0.702,
      0.671,
      0.562,
      0.712,
      0.539,
      0.574,
      0.656,
      0.589,
      0.295,
      0.602,
      0.555,
      0.662,
      0.588,
      0.672,
      0.698,
      0.549,
      0.581,
      0.567,
      0.489,
      0.568,
      0.659
    ],
    [
      0.54,
      0.593,
      0.531,
      0.702,
      0.474,
      0.504,
      0.769,
      0.53,
      0.632,
      0.768,
      0.666,
      0.637,
      0.747,
      0.624,
      0.496,
      0.705,
      0.561,
      0.662,
      0.655,
      0.681,
      0.544,
      0.75,
      0.696,
      0.676,
      0.591,
      0.567,
      0.592,
      0.52,
      0.337,
      0.602,
      0.688,
      0.637,
      0.613
    ],
    [
      0.493,
      0.647,
      0.507,
      0.48,
      0.536,
      0.581,
      0.531,
      0.619,
      0.54,
      0.848,
      0.672,
      0.584,
      0.671,
      0.56,
      0.592,
      0.486,
      0.482,
      0.671,
      0.49,
      0.568,
      0.377,
      0.611,
      0.599,
      0.652,
      0.482,
      0.679,
      0.711,
      0.621,
      0.641,
      0.572,
      0.634,
      0.459,
      0.55
    ],
    [
      0.877,
      0.955,
      0.707,
      0.909,
      0.949,
      0.657,
      0.974,
      0.836,
      0.948,
      0.985,
      0.986,
      0.903,
      0.961,
      0.984,
      0.955,
      0.861,
      0.631,
      0.905,
      0.918,
      0.973,
      0.795,
      0.981,
      0.948,
      0.962,
      0.649,
      0.95,
      0.755,
      0.641,
      0.989,
      0.883,
      0.921,
      0.776,
      0.943
    ],
    [
      0.692,
      0.697,
      0.486,
      0.753,
      0.701,
      0.501,
      0.686,
      0.651,
      0.524,
      0.69,
      0.598,
      0.613,
      0.694,
      0.672,
      0.744,
      0.517,
      0.45,
      0.557,
      0.503,
      0.709,
      0.423,
      0.637,
      0.684,
      0.585,
      0.602,
      0.667,
      0.69,
      0.608,
      0.911,
      0.553,
      0.58,
      0.526,
      0.648
    ],
    [
      0.874,
      0.862,
      0.668,
      0.882,
      0.94,
      0.645,
      0.956,
      0.815,
      0.967,
      0.987,
      0.912,
      0.895,
      0.93,
      0.993,
      0.993,
      0.856,
      0.551,
      0.858,
      0.91,
      0.885,
      0.937,
      0.985,
      0.801,
      0.919,
      0.705,
      0.846,
      0.803,
      0.624,
      0.992,
      0.839,
      0.899,
      0.759,
      0.898
    ],
    [
      0.696,
      0.865,
      0.619,
      0.532,
      0.716,
      0.544,
      0.8,
      0.756,
      0.736,
      0.786,
      0.822,
      0.707,
      0.775,
      0.815,
      0.743,
      0.634,
      0.479,
      0.739,
      0.743,
      0.724,
      0.473,
      0.705,
      0.777,
      0.822,
      0.524,
      0.835,
      0.817,
      0.493,
      0.767,
      0.761,
      0.719,
      0.657,
      0.738
    ],
    [
      0.698,
      0.827,
      0.619,
      0.869,
      0.631,
      0.524,
      0.739,
      0.681,
      0.621,
      0.773,
      0.717,
      0.735,
      0.718,
      0.735,
      0.85,
      0.611,
      0.521,
      0.579,
      0.683,
      0.731,
      0.384,
      0.702,
      0.491,
      0.615,
      0.634,
      0.719,
      0.572,
      0.571,
      0.752,
      0.622,
      0.72,
      0.544,
      0.704
    ],
    [
      0.781,
      0.847,
      0.63,
      0.892,
      0.794,
      0.663,
      0.897,
      0.789,
      0.848,
      0.944,
      0.849,
      0.793,
      0.922,
      0.952,
      0.884,
      0.634,
      0.658,
      0.734,
      0.818,
      0.816,
      0.501,
      0.869,
      0.682,
      0.787,
      0.501,
