{
  "model": "Qwen/Qwen2.5-3B",
  "peak_block": 16,
  "write_layer": 17,
  "early_block": 2,
  "dataset": "NeelNanda/counterfact-tracing",
  "revision": "c945b082ca08d0a8f3ba227fb78404a09614c36e",
  "seed": 0,
  "folds": 5,
  "k_relations": 8,
  "pairs_per_relation": 60,
  "templates": {
    "P103": "The mother tongue of {} is",
    "P1412": "The language used by {} is",
    "P176": "{}, developed by",
    "P27": "{} has a citizenship from",
    "P30": "{} belongs to the continent of",
    "P37": "In {}, an official language is",
    "P413": "{}, the",
    "P495": "{}, created in"
  },
  "decoding": {
    "delta_f": {
      "acc": 0.7416666666666667,
      "null_mean": 0.12722916901111603,
      "null_95": 0.15427082777023315,
      "p": 0.009900990099009901
    },
    "lexical": {
      "acc": 0.39166666666666666,
      "null_mean": 0.12662500143051147,
      "null_95": 0.15416666865348816,
      "p": 0.009900990099009901
    }
  },
  "identity_check_median": 1.2347038591542514e-07,
  "cats": [
    "P103",
    "P1412",
    "P176",
    "P27",
    "P30",
    "P37",
    "P413",
    "P495"
  ],
  "cos_peak": [
    [
      1.0,
      0.365,
      0.135,
      0.283,
      -0.104,
      0.27,
      -0.017,
      0.114
    ],
    [
      0.365,
      1.0,
      0.113,
      0.382,
      -0.128,
      0.758,
      -0.064,
      0.089
    ],
    [
      0.135,
      0.113,
      1.0,
      0.248,
      0.073,
      0.003,
      0.001,
      0.035
    ],
    [
      0.283,
      0.382,
      0.248,
      1.0,
      -0.205,
      0.28,
      -0.041,
      0.159
    ],
    [
      -0.104,
      -0.128,
      0.073,
      -0.205,
      1.0,
      -0.068,
      -0.09,
      0.047
    ],
    [
      0.27,
      0.758,
      0.003,
      0.28,
      -0.068,
      1.0,
      -0.064,
      0.085
    ],
    [
      -0.017,
      -0.064,
      0.001,
      -0.041,
      -0.09,
      -0.064,
      1.0,
      -0.011
    ],
    [
      0.114,
      0.089,
      0.035,
      0.159,
      0.047,
      0.085,
      -0.011,
      1.0
    ]
  ],
  "cos_early": [
    [
      1.0,
      0.313,
      0.036,
      -0.193,
      -0.081,
      -0.259,
      -0.046,
      0.087
    ],
    [
      0.313,
      1.0,
      -0.019,
      -0.242,
      -0.033,
      -0.9,
      -0.086,
      0.084
    ],
    [
      0.036,
      -0.019,
      1.0,
      -0.029,
      0.013,
      0.029,
      0.028,
      0.012
    ],
    [
      -0.193,
      -0.242,
      -0.029,
      1.0,
      0.229,
      0.231,
      0.029,
      0.27
    ],
    [
      -0.081,
      -0.033,
      0.013,
      0.229,
      1.0,
      0.044,
      -0.105,
      0.128
    ],
    [
      -0.259,
      -0.9,
      0.029,
      0.231,
      0.044,
      1.0,
      0.081,
      -0.093
    ],
    [
      -0.046,
      -0.086,
      0.028,
      0.029,
      -0.105,
      0.081,
      1.0,
      0.009
    ],
    [
      0.087,
      0.084,
      0.012,
      0.27,
      0.128,
      -0.093,
      0.009,
      1.0
    ]
  ],
  "transfer": [
    [
      0.836,
      0.696,
      0.785,
      0.687,
      0.411,
      0.656,
      0.682,
      0.677
    ],
    [
      0.827,
      0.717,
      0.735,
      0.683,
      0.384,
      0.615,
      0.572,
      0.622
    ],
    [
      0.968,
      0.966,
      0.935,
      0.856,
      0.913,
      0.954,
      0.84,
      0.836
    ],
    [
      0.841,
      0.792,
      0.79,
      0.535,
      0.381,
      0.728,
      0.538,
      0.659
    ],
    [
      0.259,
      0.237,
      0.585,
      0.439,
      0.769,
      0.337,
      0.379,
      0.403
    ],
    [
      0.717,
      0.573,
      0.495,
      0.537,
      0.302,
      0.411,
      0.438,
      0.545
    ],
    [
      0.466,
      0.435,
      0.449,
      0.431,
      0.263,
      0.476,
      0.576,
      0.536
    ],
    [
      0.586,
      0.617,
      0.548,
      0.521,
      0.659,
      0.593,
      0.473,
      0.515
    ]
  ]
}