{
  "categories": [
    "P101",
    "P103",
    "P108",
    "P131",
    "P136",
    "P138",
    "P140",
    "P1412",
    "P159",
    "P17",
    "P176",
    "P178",
    "P276",
    "P30",
    "P36",
    "P364",
    "P39",
    "P463",
    "P937"
  ],
  "matrix_A": [
    [
      1.0,
      0.3805,
      0.0879,
      0.4579,
      0.2392,
      0.2465,
      0.2782,
      0.3953,
      0.3859,
      0.4417,
      0.3912,
      0.4709,
      0.4312,
      0.0845,
      0.3329,
      0.0082,
      0.0766,
      0.2262,
      0.366
    ],
    [
      0.3805,
      1.0,
      0.2403,
      0.4826,
      0.1126,
      0.2669,
      0.3655,
      0.6897,
      0.5461,
      0.5863,
      0.4024,
      0.4498,
      0.4766,
      0.1354,
      0.3652,
      -0.0458,
      0.0079,
      0.1601,
      0.5812
    ],
    [
      0.0879,
      0.2403,
      1.0,
      0.1876,
      0.0059,
      0.1399,
      0.0852,
      0.1897,
      0.22,
      0.2001,
      0.149,
      0.1454,
      0.1403,
      0.0444,
      0.1307,
      -0.0372,
      0.0682,
      0.0706,
      0.237
    ],
    [
      0.4579,
      0.4826,
      0.1876,
      1.0,
      0.1467,
      0.4464,
      0.3476,
      0.4373,
      0.7596,
      0.8536,
      0.6211,
      0.6247,
      0.8212,
      0.0678,
      0.6497,
      0.1747,
      0.0489,
      0.2514,
      0.5485
    ],
    [
      0.2392,
      0.1126,
      0.0059,
      0.1467,
      1.0,
      0.0364,
      0.0905,
      0.1074,
      0.1327,
      0.1334,
      0.1181,
      0.1351,
      0.1376,
      0.0219,
      0.1106,
      -0.0085,
      0.0321,
      0.0623,
      0.1107
    ],
    [
      0.2465,
      0.2669,
      0.1399,
      0.4464,
      0.0364,
      1.0,
      0.2438,
      0.2707,
      0.5144,
      0.3614,
      0.5792,
      0.4943,
      0.6171,
      -0.0022,
      0.5319,
      0.1247,
      0.0286,
      0.1153,
      0.3577
    ],
    [
      0.2782,
      0.3655,
      0.0852,
      0.3476,
      0.0905,
      0.2438,
      1.0,
      0.381,
      0.3652,
      0.3707,
      0.3451,
      0.3424,
      0.331,
      0.1169,
      0.2649,
      0.1179,
      -0.0459,
      0.1693,
      0.3527
    ],
    [
      0.3953,
      0.6897,
      0.1897,
      0.4373,
      0.1074,
      0.2707,
      0.381,
      1.0,
      0.5066,
      0.5001,
      0.3767,
      0.4178,
      0.4662,
      0.1539,
      0.3237,
      -0.2947,
      0.0551,
      0.1077,
      0.6242
    ],
    [
      0.3859,
      0.5461,
      0.22,
      0.7596,
      0.1327,
      0.5144,
      0.3652,
      0.5066,
      1.0,
      0.7013,
      0.5765,
      0.6188,
      0.8248,
      0.0895,
      0.6769,
      0.1378,
      -0.002,
      0.2051,
      0.707
    ],
    [
      0.4417,
      0.5863,
      0.2001,
      0.8536,
      0.1334,
      0.3614,
      0.3707,
      0.5001,
      0.7013,
      1.0,
      0.5605,
      0.5867,
      0.7276,
      0.1048,
      0.5885,
      0.1376,
      0.0634,
      0.2022,
      0.5343
    ],
    [
      0.3912,
      0.4024,
      0.149,
      0.6211,
      0.1181,
      0.5792,
      0.3451,
      0.3767,
      0.5765,
      0.5605,
      1.0,
      0.7789,
      0.6946,
      0.0052,
      0.5106,
      0.1122,
      0.0406,
      0.2053,
      0.4232
    ],
    [
      0.4709,
      0.4498,
      0.1454,
      0.6247,
      0.1351,
      0.4943,
      0.3424,
      0.4178,
      0.6188,
      0.5867,
      0.7789,
      1.0,
      0.6709,
      0.0534,
      0.4999,
      0.0625,
      -0.0192,
      0.2318,
      0.4583
    ],
    [
      0.4312,
      0.4766,
      0.1403,
      0.8212,
      0.1376,
      0.6171,
      0.331,
      0.4662,
      0.8248,
      0.7276,
      0.6946,
      0.6709,
      1.0,
      0.0446,
      0.7128,
      0.1753,
      0.0412,
      0.2231,
      0.5851
    ],
    [
      0.0845,
      0.1354,
      0.0444,
      0.0678,
      0.0219,
      -0.0022,
      0.1169,
      0.1539,
      0.0895,
      0.1048,
      0.0052,
      0.0534,
      0.0446,
      1.0,
      -0.001,
      -0.0888,
      0.0432,
      0.0167,
      0.091
    ],
    [
      0.3329,
      0.3652,
      0.1307,
      0.6497,
      0.1106,
      0.5319,
      0.2649,
      0.3237,
      0.6769,
      0.5885,
      0.5106,
      0.4999,
      0.7128,
      -0.001,
      1.0,
      0.1605,
      0.1135,
      0.1853,
      0.4907
    ],
    [
      0.0082,
      -0.0458,
      -0.0372,
      0.1747,
      -0.0085,
      0.1247,
      0.1179,
      -0.2947,
      0.1378,
      0.1376,
      0.1122,
      0.0625,
      0.1753,
      -0.0888,
      0.1605,
      1.0,
      -0.0272,
      -0.0,
      0.0433
    ],
    [
      0.0766,
      0.0079,
      0.0682,
      0.0489,
      0.0321,
      0.0286,
      -0.0459,
      0.0551,
      -0.002,
      0.0634,
      0.0406,
      -0.0192,
      0.0412,
      0.0432,
      0.1135,
      -0.0272,
      1.0,
      -0.0295,
      0.051
    ],
    [
      0.2262,
      0.1601,
      0.0706,
      0.2514,
      0.0623,
      0.1153,
      0.1693,
      0.1077,
      0.2051,
      0.2022,
      0.2053,
      0.2318,
      0.2231,
      0.0167,
      0.1853,
      -0.0,
      -0.0295,
      1.0,
      0.0941
    ],
    [
      0.366,
      0.5812,
      0.237,
      0.5485,
      0.1107,
      0.3577,
      0.3527,
      0.6242,
      0.707,
      0.5343,
      0.4232,
      0.4583,
      0.5851,
      0.091,
      0.4907,
      0.0433,
      0.051,
      0.0941,
      1.0
    ]
  ],
  "matrix_B": [
    [
      1.0,
      0.17,
      -0.0071,
      0.2091,
      0.0915,
      0.0463,
      0.1244,
      0.2387,
      0.0982,
      0.2755,
      0.1243,
      0.1932,
      0.1703,
      0.096,
      0.0809,
      0.1477,
      -0.0453,
      0.101,
      0.1209
    ],
    [
      0.17,
      1.0,
      0.1028,
      0.2073,
      0.1217,
      0.0003,
      0.091,
      0.3646,
      0.1337,
      0.3384,
      0.1346,
      0.0949,
      0.2025,
      0.1045,
      0.1402,
      0.3056,
      0.0093,
      0.1564,
      0.1293
    ],
    [
      -0.0071,
      0.1028,
      1.0,
      0.0469,
      0.026,
      0.0421,
      -0.0491,
      0.1421,
      0.1781,
      0.1041,
      0.1066,
      -0.1387,
      0.0263,
      0.0889,
      0.0395,
      0.0692,
      -0.0809,
      0.0751,
      0.1875
    ],
    [
      0.2091,
      0.2073,
      0.0469,
      1.0,
      0.1484,
      0.4876,
      0.1628,
      0.1515,
      0.3811,
      0.7059,
      0.4786,
      0.3055,
      0.7825,
      0.0377,
      0.6452,
      -0.0963,
      0.0149,
      0.1897,
      0.4383
    ],
    [
      0.0915,
      0.1217,
      0.026,
      0.1484,
      1.0,
      0.0102,
      0.0979,
      0.0134,
      0.0479,
      0.076,
      0.0523,
      0.0594,
      0.136,
      0.061,
      0.0488,
      0.0004,
      -0.062,
      0.0471,
      0.052
    ],
    [
      0.0463,
      0.0003,
      0.0421,
      0.4876,
      0.0102,
      1.0,
      0.1117,
      0.0143,
      0.285,
      0.3393,
      0.5152,
      0.1765,
      0.6373,
      -0.0691,
      0.6424,
      -0.2153,
      -0.0113,
      0.1222,
      0.3388
    ],
    [
      0.1244,
      0.091,
      -0.0491,
      0.1628,
      0.0979,
      0.1117,
      1.0,
      0.0686,
      0.2023,
      0.1142,
      0.1008,
      0.0452,
      0.1724,
      0.0864,
      0.1352,
      0.012,
      0.0606,
      0.0821,
      0.1004
    ],
    [
      0.2387,
      0.3646,
      0.1421,
      0.1515,
      0.0134,
      0.0143,
      0.0686,
      1.0,
      0.2895,
      0.3075,
      0.1126,
      0.1849,
      0.1536,
      0.1283,
      0.1169,
      0.7065,
      -0.0962,
      0.0401,
      0.3656
    ],
    [
      0.0982,
      0.1337,
      0.1781,
      0.3811,
      0.0479,
      0.285,
      0.2023,
      0.2895,
      1.0,
      0.4611,
      0.3238,
      0.2859,
      0.5158,
      0.096,
      0.418,
      0.1621,
      0.091,
      0.1298,
      0.6484
    ],
    [
      0.2755,
      0.3384,
      0.1041,
      0.7059,
      0.076,
      0.3393,
      0.1142,
      0.3075,
      0.4611,
      1.0,
      0.4369,
      0.2793,
      0.6996,
      0.1464,
      0.5589,
      0.0704,
      0.0556,
      0.1571,
      0.4279
    ],
    [
      0.1243,
      0.1346,
      0.1066,
      0.4786,
      0.0523,
      0.5152,
      0.1008,
      0.1126,
      0.3238,
      0.4369,
      1.0,
      0.2624,
      0.5768,
      -0.0729,
      0.4461,
      -0.0508,
      -0.0225,
      0.1941,
      0.2593
    ],
    [
      0.1932,
      0.0949,
      -0.1387,
      0.3055,
      0.0594,
      0.1765,
      0.0452,
      0.1849,
      0.2859,
      0.2793,
      0.2624,
      1.0,
      0.3164,
      -0.0547,
      0.202,
      0.0682,
      -0.0564,
      -0.0188,
      0.269
    ],
    [
      0.1703,
      0.2025,
      0.0263,
      0.7825,
      0.136,
      0.6373,
      0.1724,
      0.1536,
      0.5158,
      0.6996,
      0.5768,
      0.3164,
      1.0,
      0.0312,
      0.7391,
      -0.071,
      0.0207,
      0.1939,
      0.4493
    ],
    [
      0.096,
      0.1045,
      0.0889,
      0.0377,
      0.061,
      -0.0691,
      0.0864,
      0.1283,
      0.096,
      0.1464,
      -0.0729,
      -0.0547,
      0.0312,
      1.0,
      -0.0549,
      0.1108,
      -0.0813,
      0.0083,
      0.1117
    ],
    [
      0.0809,
      0.1402,
      0.0395,
      0.6452,
      0.0488,
      0.6424,
      0.1352,
      0.1169,
      0.418,
      0.5589,
      0.4461,
      0.202,
      0.7391,
      -0.0549,
      1.0,
      -0.1413,
      -0.0107,
      0.1392,
      0.4355
    ],
    [
      0.1477,
      0.3056,
      0.0692,
      -0.0963,
      0.0004,
      -0.2153,
      0.012,
      0.7065,
      0.1621,
      0.0704,
      -0.0508,
      0.0682,
      -0.071,
      0.1108,
      -0.1413,
      1.0,
      -0.0303,
      -0.0148,
      0.0745
    ],
    [
      -0.0453,
      0.0093,
      -0.0809,
      0.0149,
      -0.062,
      -0.0113,
      0.0606,
      -0.0962,
      0.091,
      0.0556,
      -0.0225,
      -0.0564,
      0.0207,
      -0.0813,
      -0.0107,
      -0.0303,
      1.0,
      0.0392,
      -0.0431
    ],
    [
      0.101,
      0.1564,
      0.0751,
      0.1897,
      0.0471,
      0.1222,
      0.0821,
      0.0401,
      0.1298,
      0.1571,
      0.1941,
      -0.0188,
      0.1939,
      0.0083,
      0.1392,
      -0.0148,
      0.0392,
      1.0,
      0.0482
    ],
    [
      0.1209,
      0.1293,
      0.1875,
      0.4383,
      0.052,
      0.3388,
      0.1004,
      0.3656,
      0.6484,
      0.4279,
      0.2593,
      0.269,
      0.4493,
      0.1117,
      0.4355,
      0.0745,
      -0.0431,
      0.0482,
      1.0
    ]
  ],
  "mantel_r": 0.7437323562582415,
  "p_value": 0.0001,
  "spearman_offdiag": 0.7723426212590299,

  
  "per_category_adherence": {
    "P101": 0.6791480678933673,
    "P103": 0.3897725210412408,
    "P108": 0.4305789703449007,
    "P131": 0.8753833257083213,
    "P136": 0.6090989912632111,
    "P138": 0.8520973967739517,
    "P140": 0.5310981679183195,
    "P1412": -0.011821556510482516,
    "P159": 0.8432634569397617,
    "P17": 0.9092523529127734,
    "P176": 0.8489444498737068,
    "P178": 0.8859112742449051,
    "P276": 0.8878869604629819,
    "P30": 0.47552234266978394,
    "P36": 0.9019272727151473,
    "P364": -0.7922154341704191,
    "P39": -0.3630896649300649,
    "P463": 0.6554099576126942,
    "P937": 0.8335031500566621
  },
  "Within-AUC": {
    "P101": 0.6430555582046509,
    "P103": 0.8361111283302307,
    "P108": 0.7777777910232544,
    "P131": 0.9736111164093018,
    "P136": 0.6513888835906982,
    "P138": 0.9666666388511658,
    "P140": 0.7861111164093018,
    "P1412": 0.7166666388511658,
    "P159": 0.793055534362793,
    "P17": 0.9027777910232544,
    "P176": 0.9347222447395325,
    "P178": 0.699999988079071,
    "P276": 0.9361110925674438,
    "P30": 0.7347221970558167,
    "P36": 0.9916666746139526,
    "P364": 0.6291666626930237,
    "P39": 0.6013888716697693,
    "P463": 0.7972221970558167,
    "P937": 0.8111110925674438
  },
  "final_rank_correlation": 0.6929824561403507,
  "final_pearson_correlation": 0.6593433795355806
}